,0,1,2,3,4,5,6,7,8,9,10,11,12,13,14,15,16,17,18,19,20,21,22,23,24,25,26,27,28,29,30,31,32,33,34,35,36,37,38,39,40,41,42,43,44,45,46,47,48,49,50,51,52,53,54,55,56,57,58,59,60,61,62,63,64,65,66,67,68,69,70,71,72,73,74,75,76,77,78,79,80,81,82,83,84,85,86,87,88,89,90,91,92,93,94,95,96,97,98,99,100,101,102,103,104,105,106,107,108,109,110,111,112,113,114,115,116,117,118,119,120,121,122,123,124,125,126,127,128,129,130,131,132,133,134,135,136,137,138,139,140,141,142,143,144,145,146,147,148,149,150,151,152,153,154,155,156,157,158,159,160,161,162,163,164,165,166,167,168,169,170,171,172,173,174,175,176,177,178,179,180,181,182,183,184,185,186,187,188,189,190,191,192,193,194,195,196,197,198,199,200,201,202,203,204,205,206,207,208,209,210,211,212,213,214,215,216,217,218,219,220,221,222,223,224,225,226,227,228,229,230,231,232,233,234,235,236,237,238,239,240,241,242,243,244,245,246,247,248,249,250,251,252,253,254,255,256,257,258,259,260,261,262,263,264,265,266,267,268,269,270,271,272,273,274,275,276,277,278,279,280,281,282,283,284,285,286,287,288,289,290,291,292,293,294,295,296,297,298,299,300,301,302,303,304,305,306,307,308,309,310,311,312,313,314,315,316,317,318,319,320,321,322,323,324,325,326,327,328,329,330,331,332,333,334,335,336,337,338,339,340,341,342,343,344,345,346,347,348,349,350,351,352,353,354,355,356,357,358,359,360,361,362,363,364,365,366,367,368,369,370,371,372,373,374,375,376,377,378,379,380,381,382,383,384,385,386,387,388,389,390,391,392,393,394,395,396,397,398,399,400,401,402,403,404,405,406,407,408,409,410,411,412,413,414,415,416,417,418,419,420,421,422,423,424,425,426,427,428,429,430,431,432,433,434,435,436,437,438,439,440,441,442,443,444,445,446,447,448,449,450,451,452,453,454,455,456,457,458,459,460,461,462,463,464,465,466,467,468,469,470,471,472,473,474,475,476,477,478,479,480,481,482,483,484,485,486,487,488,489,490,491,492,493,494,495,496,497,498,499,500,501,502,503,504,505,506,507,508,509,510,511,512,513,514,515,516,517,518,519,520,521,522,523,524,525,526,527,528,529,530,531,532,533,534,535,536,537,538,539,540,541,542,543,544,545,546,547,548,549,550,551,552,553,554,555,556,557,558,559,560,561,562,563,564,565,566,567,568,569,570,571,572,573,574,575,576,577,578,579,580,581,582,583,584,585,586,587,588,589,590,591,592,593,594,595,596,597,598,599,600
Time,0.0,1.0,2.0,3.0,4.0,5.0,6.0,7.0,8.0,9.0,10.0,11.0,12.0,13.0,14.0,15.0,16.0,17.0,18.0,19.0,20.0,21.0,22.0,23.0,24.0,25.0,26.0,27.0,28.0,29.0,30.0,31.0,32.0,33.0,34.0,35.0,36.0,37.0,38.0,39.0,40.0,41.0,42.0,43.0,44.0,45.0,46.0,47.0,48.0,49.0,50.0,51.0,52.0,53.0,54.0,55.0,56.0,57.0,58.0,59.0,60.0,61.0,62.0,63.0,64.0,65.0,66.0,67.0,68.0,69.0,70.0,71.0,72.0,73.0,74.0,75.0,76.0,77.0,78.0,79.0,80.0,81.0,82.0,83.0,84.0,85.0,86.0,87.0,88.0,89.0,90.0,91.0,92.0,93.0,94.0,95.0,96.0,97.0,98.0,99.0,100.0,101.0,102.0,103.0,104.0,105.0,106.0,107.0,108.0,109.0,110.0,111.0,112.0,113.0,114.0,115.0,116.0,117.0,118.0,119.0,120.0,121.0,122.0,123.0,124.0,125.0,126.0,127.0,128.0,129.0,130.0,131.0,132.0,133.0,134.0,135.0,136.0,137.0,138.0,139.0,140.0,141.0,142.0,143.0,144.0,145.0,146.0,147.0,148.0,149.0,150.0,151.0,152.0,153.0,154.0,155.0,156.0,157.0,158.0,159.0,160.0,161.0,162.0,163.0,164.0,165.0,166.0,167.0,168.0,169.0,170.0,171.0,172.0,173.0,174.0,175.0,176.0,177.0,178.0,179.0,180.0,181.0,182.0,183.0,184.0,185.0,186.0,187.0,188.0,189.0,190.0,191.0,192.0,193.0,194.0,195.0,196.0,197.0,198.0,199.0,200.0,201.0,202.0,203.0,204.0,205.0,206.0,207.0,208.0,209.0,210.0,211.0,212.0,213.0,214.0,215.0,216.0,217.0,218.0,219.0,220.0,221.0,222.0,223.0,224.0,225.0,226.0,227.0,228.0,229.0,230.0,231.0,232.0,233.0,234.0,235.0,236.0,237.0,238.0,239.0,240.0,241.0,242.0,243.0,244.0,245.0,246.0,247.0,248.0,249.0,250.0,251.0,252.0,253.0,254.0,255.0,256.0,257.0,258.0,259.0,260.0,261.0,262.0,263.0,264.0,265.0,266.0,267.0,268.0,269.0,270.0,271.0,272.0,273.0,274.0,275.0,276.0,277.0,278.0,279.0,280.0,281.0,282.0,283.0,284.0,285.0,286.0,287.0,288.0,289.0,290.0,291.0,292.0,293.0,294.0,295.0,296.0,297.0,298.0,299.0,300.0,301.0,302.0,303.0,304.0,305.0,306.0,307.0,308.0,309.0,310.0,311.0,312.0,313.0,314.0,315.0,316.0,317.0,318.0,319.0,320.0,321.0,322.0,323.0,324.0,325.0,326.0,327.0,328.0,329.0,330.0,331.0,332.0,333.0,334.0,335.0,336.0,337.0,338.0,339.0,340.0,341.0,342.0,343.0,344.0,345.0,346.0,347.0,348.0,349.0,350.0,351.0,352.0,353.0,354.0,355.0,356.0,357.0,358.0,359.0,360.0,361.0,362.0,363.0,364.0,365.0,366.0,367.0,368.0,369.0,370.0,371.0,372.0,373.0,374.0,375.0,376.0,377.0,378.0,379.0,380.0,381.0,382.0,383.0,384.0,385.0,386.0,387.0,388.0,389.0,390.0,391.0,392.0,393.0,394.0,395.0,396.0,397.0,398.0,399.0,400.0,401.0,402.0,403.0,404.0,405.0,406.0,407.0,408.0,409.0,410.0,411.0,412.0,413.0,414.0,415.0,416.0,417.0,418.0,419.0,420.0,421.0,422.0,423.0,424.0,425.0,426.0,427.0,428.0,429.0,430.0,431.0,432.0,433.0,434.0,435.0,436.0,437.0,438.0,439.0,440.0,441.0,442.0,443.0,444.0,445.0,446.0,447.0,448.0,449.0,450.0,451.0,452.0,453.0,454.0,455.0,456.0,457.0,458.0,459.0,460.0,461.0,462.0,463.0,464.0,465.0,466.0,467.0,468.0,469.0,470.0,471.0,472.0,473.0,474.0,475.0,476.0,477.0,478.0,479.0,480.0,481.0,482.0,483.0,484.0,485.0,486.0,487.0,488.0,489.0,490.0,491.0,492.0,493.0,494.0,495.0,496.0,497.0,498.0,499.0,500.0,501.0,502.0,503.0,504.0,505.0,506.0,507.0,508.0,509.0,510.0,511.0,512.0,513.0,514.0,515.0,516.0,517.0,518.0,519.0,520.0,521.0,522.0,523.0,524.0,525.0,526.0,527.0,528.0,529.0,530.0,531.0,532.0,533.0,534.0,535.0,536.0,537.0,538.0,539.0,540.0,541.0,542.0,543.0,544.0,545.0,546.0,547.0,548.0,549.0,550.0,551.0,552.0,553.0,554.0,555.0,556.0,557.0,558.0,559.0,560.0,561.0,562.0,563.0,564.0,565.0,566.0,567.0,568.0,569.0,570.0,571.0,572.0,573.0,574.0,575.0,576.0,577.0,578.0,579.0,580.0,581.0,582.0,583.0,584.0,585.0,586.0,587.0,588.0,589.0,590.0,591.0,592.0,593.0,594.0,595.0,596.0,597.0,598.0,599.0,600.0
a1,1.25,1.249588,1.251438,1.25111,1.249519,1.25174,1.253788,1.2524,1.252079,1.253097,1.253188,1.25161,1.247628,1.247525,1.245848,1.245264,1.246687,1.249315,1.25157,1.251532,1.250327,1.24838,1.245644,1.247213,1.248425,1.250216,1.248849,1.248364,1.25022,1.252331,1.253267,1.254384,1.250318,1.249975,1.248834,1.250388,1.251133,1.251785,1.250675,1.249737,1.249658,1.248717,1.249057,1.250354,1.252009,1.253565,1.252486,1.252342,1.252217,1.254605,1.254999,1.253949,1.253846,1.254222,1.25368,1.252345,1.248985,1.248583,1.248711,1.251032,1.252986,1.252242,1.252155,1.251082,1.250731,1.250817,1.252921,1.252343,1.254626,1.253433,1.255808,1.254154,1.253075,1.251899,1.252724,1.256076,1.256509,1.255912,1.254143,1.255033,1.253709,1.25441,1.253517,1.252986,1.252527,1.250758,1.250112,1.252004,1.253106,1.255327,1.256378,1.254627,1.25551,1.254184,1.251761,1.250157,1.249389,1.250823,1.254107,1.254915,1.25479,1.253004,1.254436,1.254093,1.253167,1.249683,1.249755,1.251095,1.253505,1.253581,1.253715,1.252825,1.25476,1.254491,1.256719,1.256952,1.256326,1.254453,1.255132,1.255317,1.25402,1.254134,1.253276,1.25107,1.250351,1.249286,1.25221,1.251701,1.24883,1.248379,1.247545,1.247304,1.247289,1.246668,1.250013,1.252346,1.250646,1.247099,1.247122,1.248192,1.247516,1.245433,1.24626,1.246695,1.249669,1.250045,1.249852,1.249795,1.250767,1.251093,1.252657,1.250994,1.247612,1.247096,1.247065,1.245755,1.246643,1.244926,1.246919,1.247813,1.247113,1.245965,1.247181,1.247705,1.248925,1.250928,1.251883,1.250482,1.246131,1.243103,1.242464,1.24361,1.244566,1.246144,1.246935,1.24708,1.247262,1.244794,1.244205,1.245176,1.244451,1.243453,1.242299,1.236436,1.239874,1.241313,1.244055,1.246856,1.243635,1.243048,1.24213,1.242323,1.241859,1.241058,1.242792,1.251547,1.250983,1.247664,1.244662,1.241473,1.23549,1.232652,1.229501,1.225835,1.222508,1.221266,1.218651,1.221795,1.220327,1.222609,1.221532,1.224249,1.22034,1.218454,1.2148,1.215783,1.212856,1.209823,1.206926,1.209528,1.206694,1.202349,1.19807,1.196885,1.194649,1.195555,1.194792,1.197567,1.19802,1.195687,1.198092,1.19606,1.19163,1.189026,1.192842,1.19111,1.188137,1.185651,1.183794,1.179377,1.181082,1.182248,1.180917,1.177125,1.173918,1.171199,1.167611,1.163811,1.163831,1.160542,1.161674,1.161571,1.162129,1.15878,1.152631,1.150204,1.14895,1.151685,1.149925,1.149497,1.147006,1.149891,1.148908,1.147953,1.146933,1.148191,1.145289,1.146674,1.14661,1.145442,1.142521,1.142124,1.143285,1.144033,1.143983,1.142653,1.14073,1.142178,1.140888,1.136159,1.13832,1.131834,1.136271,1.132849,1.135677,1.136781,1.1353,1.133331,1.132218,1.13337,1.130246,1.13326,1.129532,1.132482,1.132758,1.130941,1.128295,1.126629,1.119834,1.118908,1.122347,1.125096,1.126746,1.126847,1.127519,1.126014,1.129315,1.129637,1.126158,1.126765,1.125788,1.122,1.122569,1.120378,1.123957,1.126536,1.116344,1.116266,1.120268,1.125087,1.12437,1.12451,1.124646,1.12862,1.128673,1.1294,1.136665,1.140105,1.145126,1.134994,1.132374,1.1312,1.135965,1.146521,1.144703,1.141955,1.137211,1.144728,1.145893,1.143309,1.146858,1.148314,1.149521,1.152086,1.150595,1.156314,1.157035,1.160039,1.163676,1.162089,1.159761,1.164159,1.166416,1.164369,1.173738,1.171008,1.178003,1.177536,1.182835,1.184256,1.187876,1.18725,1.185509,1.191596,1.192319,1.187416,1.195216,1.19807,1.199062,1.198446,1.200524,1.207023,1.208956,1.20188,1.209522,1.207053,1.20626,1.218686,1.222332,1.22143,1.224188,1.228815,1.229004,1.231831,1.234912,1.239519,1.242126,1.242456,1.237792,1.236676,1.240884,1.244501,1.248922,1.252206,1.248617,1.24037,1.238026,1.241539,1.241702,1.247231,1.251627,1.254173,1.259605,1.260173,1.257311,1.257181,1.253484,1.259345,1.259768,1.257612,1.266343,1.268636,1.267128,1.255198,1.252918,1.257319,1.260758,1.254708,1.258006,1.256208,1.257188,1.25485,1.254906,1.25643,1.264259,1.263845,1.267222,1.264987,1.267253,1.271159,1.271355,1.271096,1.269275,1.271856,1.269241,1.270095,1.269766,1.275087,1.276044,1.274034,1.279896,1.275296,1.284548,1.282977,1.282948,1.288247,1.286036,1.287319,1.284934,1.289818,1.285974,1.281844,1.288634,1.289789,1.286942,1.288377,1.287357,1.290084,1.293483,1.288234,1.284971,1.287098,1.280003,1.27814,1.284538,1.28534,1.290271,1.282882,1.278057,1.271123,1.270877,1.278365,1.284226,1.278342,1.285988,1.283376,1.277814,1.275781,1.276223,1.283621,1.277143,1.27233,1.267697,1.268371,1.271174,1.281207,1.280789,1.276502,1.28078,1.277632,1.271364,1.281018,1.278847,1.276945,1.275205,1.27768,1.276353,1.281826,1.287536,1.275483,1.27816,1.28334,1.283892,1.28626,1.28289,1.28936,1.294949,1.289687,1.293966,1.293348,1.286992,1.282876,1.278153,1.282292,1.280393,1.277497,1.276606,1.277755,1.280497,1.28597,1.283753,1.283609,1.277393,1.271673,1.270079,1.268345,1.264497,1.2628,1.264107,1.260361,1.269456,1.275697,1.274403,1.277946,1.280067,1.274135,1.278296,1.280613,1.273283,1.26573,1.260823,1.253156,1.257187,1.255849,1.261932,1.255549,1.24851,1.253445,1.254887,1.262639,1.260516,1.263375,1.254412,1.258824,1.262457,1.255962,1.252742,1.248435,1.257232,1.252488,1.254269,1.258518,1.257144,1.256292,1.260191,1.257158,1.260619,1.260845,1.253166,1.260518,1.259843,1.262812,1.27081,1.271882,1.270896,1.276705,1.269657,1.274982,1.27135,1.265267,1.257725,1.257652,1.253708,1.254655,1.2526,1.258547,1.264375,1.262531,1.25855,1.260891,1.258349,1.261989,1.265498,1.265512,1.267599,1.27019,1.271405,1.265462,1.265258,1.259176,1.266622
a2,1.25,1.253046,1.253049,1.251624,1.250531,1.249713,1.248641,1.2476,1.247197,1.245702,1.247298,1.249158,1.25025,1.249039,1.252037,1.25063,1.249665,1.247335,1.247597,1.247126,1.249676,1.249847,1.250086,1.24894,1.249516,1.24913,1.249937,1.249443,1.248646,1.248131,1.24765,1.246753,1.249764,1.249316,1.250734,1.252015,1.2514,1.251596,1.254275,1.254109,1.251616,1.251158,1.252467,1.2517,1.251023,1.247389,1.247709,1.247155,1.247491,1.245697,1.245643,1.24604,1.246251,1.245786,1.246008,1.246359,1.246336,1.247078,1.248381,1.250197,1.249227,1.249541,1.248082,1.248115,1.248136,1.246938,1.245456,1.244676,1.243797,1.245011,1.243644,1.246823,1.246439,1.247005,1.246918,1.246202,1.246631,1.246632,1.247845,1.247661,1.246843,1.246654,1.248005,1.247563,1.248549,1.24957,1.251088,1.249174,1.248206,1.246274,1.246174,1.24489,1.24409,1.247536,1.247979,1.246811,1.244761,1.245856,1.244822,1.243819,1.244164,1.24589,1.246061,1.246053,1.247904,1.248168,1.248044,1.246626,1.244483,1.244046,1.244226,1.243502,1.243148,1.24381,1.242777,1.242616,1.243718,1.245438,1.245067,1.245334,1.246328,1.245474,1.249035,1.249736,1.248926,1.250059,1.247499,1.249329,1.249367,1.250612,1.24966,1.250145,1.248262,1.248358,1.246903,1.247518,1.250901,1.253168,1.251311,1.251174,1.251045,1.248774,1.249648,1.250046,1.246561,1.245903,1.246205,1.24692,1.246847,1.245288,1.245052,1.243717,1.247182,1.248616,1.24847,1.249546,1.250571,1.251675,1.250305,1.249807,1.250667,1.25327,1.251762,1.251044,1.248724,1.244663,1.243168,1.244583,1.248078,1.251953,1.253868,1.254868,1.254855,1.252788,1.251717,1.248795,1.24593,1.249595,1.252237,1.253021,1.252218,1.252399,1.256691,1.258481,1.256948,1.257657,1.254074,1.255013,1.259715,1.259571,1.257599,1.258423,1.260029,1.26212,1.263304,1.261715,1.264013,1.2697,1.269675,1.270163,1.274073,1.276911,1.279089,1.283415,1.283471,1.2909,1.293631,1.289899,1.291309,1.290428,1.294894,1.294543,1.297689,1.301639,1.300576,1.301849,1.306364,1.308514,1.307926,1.306278,1.309393,1.308482,1.31445,1.315274,1.320631,1.325081,1.328517,1.333173,1.335648,1.33874,1.33501,1.335025,1.33597,1.346978,1.350269,1.355122,1.361112,1.362776,1.370198,1.376084,1.377593,1.380145,1.390533,1.39725,1.40018,1.40533,1.404949,1.412313,1.418186,1.421069,1.41966,1.42084,1.428351,1.434612,1.439014,1.441375,1.445166,1.44731,1.452935,1.45432,1.456605,1.454432,1.458735,1.45843,1.455556,1.453863,1.46328,1.464043,1.469123,1.471746,1.478822,1.482099,1.482249,1.484491,1.486391,1.484628,1.489992,1.492308,1.501217,1.507266,1.507519,1.506641,1.505612,1.509045,1.503098,1.504624,1.506268,1.51217,1.511886,1.509293,1.518134,1.520841,1.522037,1.522481,1.523149,1.530205,1.537936,1.535719,1.546488,1.550965,1.550262,1.543449,1.539196,1.535591,1.535007,1.533744,1.53284,1.536971,1.543325,1.537262,1.542285,1.54428,1.546638,1.543553,1.539794,1.545372,1.547755,1.54926,1.547279,1.541827,1.542329,1.542781,1.545965,1.538977,1.535978,1.536851,1.539701,1.539136,1.527987,1.532548,1.522862,1.524025,1.519202,1.504755,1.501113,1.500785,1.508713,1.498524,1.494101,1.493472,1.485217,1.47813,1.476148,1.465807,1.468775,1.46224,1.456502,1.448433,1.444146,1.450618,1.451005,1.441785,1.442244,1.442966,1.434956,1.43285,1.42344,1.422698,1.415926,1.408599,1.399,1.395627,1.390385,1.39322,1.392435,1.39091,1.393402,1.391234,1.384141,1.375349,1.3754,1.371492,1.37032,1.36532,1.361778,1.359617,1.356382,1.355731,1.354729,1.358407,1.35929,1.355405,1.349206,1.344023,1.342304,1.343012,1.334057,1.326824,1.327175,1.327542,1.326804,1.331346,1.322624,1.326865,1.328259,1.326088,1.32883,1.325112,1.328252,1.318377,1.312303,1.311208,1.304286,1.312954,1.303982,1.306964,1.30404,1.300883,1.307562,1.3066,1.297095,1.297788,1.299651,1.315247,1.312285,1.309224,1.310573,1.310511,1.30653,1.307859,1.313538,1.313233,1.309172,1.310328,1.308916,1.299339,1.297345,1.30474,1.293968,1.297551,1.300082,1.305088,1.304961,1.299692,1.300052,1.294684,1.29557,1.292326,1.298045,1.312051,1.313498,1.315203,1.308752,1.310323,1.30691,1.311058,1.307547,1.313196,1.319043,1.321401,1.321097,1.328962,1.328342,1.325923,1.332359,1.330503,1.330864,1.328292,1.325273,1.33171,1.326673,1.322509,1.328072,1.332617,1.327975,1.327527,1.333348,1.339172,1.342932,1.3439,1.345485,1.341009,1.332906,1.33857,1.332074,1.339601,1.348602,1.352449,1.350771,1.35442,1.357953,1.359712,1.362035,1.363885,1.365733,1.365285,1.373026,1.381032,1.373224,1.372902,1.369474,1.375859,1.37882,1.37741,1.378573,1.377729,1.377522,1.376749,1.374768,1.379829,1.383914,1.382343,1.385831,1.388438,1.39476,1.393362,1.389575,1.396025,1.392252,1.396759,1.399965,1.405701,1.402647,1.404183,1.405444,1.413143,1.412773,1.412981,1.410242,1.41196,1.417386,1.4223,1.427889,1.433804,1.435932,1.439439,1.438613,1.442529,1.44588,1.459843,1.443228,1.442693,1.446673,1.445202,1.435934,1.434099,1.430929,1.432029,1.443109,1.450677,1.449519,1.456004,1.46073,1.467786,1.462335,1.466004,1.466823,1.466218,1.471879,1.469632,1.469992,1.471449,1.482457,1.476644,1.474184,1.485418,1.487471,1.495041,1.485401,1.492679,1.49605,1.492156,1.491547,1.487423,1.486064,1.487754,1.4935,1.496,1.499558,1.491281,1.492558,1.493757,1.489804,1.488011,1.494296,1.496064,1.508343,1.500833,1.499173,1.50677,1.512606,1.514298,1.519161,1.525367,1.522764,1.525081,1.521154,1.519935,1.514408,1.51351,1.520035,1.526004,1.525347,1.529185,1.530723,1.52585,1.529195,1.538976,1.539913,1.552607,1.55029
a3,1.25,1.247373,1.245525,1.247271,1.24995,1.248549,1.24758,1.250004,1.25073,1.251213,1.249521,1.249234,1.252126,1.253443,1.252125,1.254121,1.253658,1.253357,1.250837,1.251348,1.249997,1.251776,1.254285,1.253856,1.252062,1.250655,1.251215,1.252196,1.251135,1.249542,1.249089,1.248875,1.249918,1.25071,1.250433,1.247602,1.24747,1.246626,1.245068,1.246167,1.248728,1.250126,1.248481,1.247949,1.246974,1.249054,1.24981,1.250508,1.250297,1.249714,1.249376,1.250023,1.249915,1.250006,1.250323,1.251305,1.254694,1.254351,1.252914,1.248773,1.247793,1.24822,1.249766,1.250805,1.251135,1.252251,1.251636,1.252999,1.251602,1.251572,1.250577,1.249034,1.250494,1.251101,1.250366,1.247744,1.246886,1.247477,1.248022,1.247321,1.249458,1.248948,1.248485,1.249457,1.248928,1.249672,1.248801,1.248824,1.248694,1.248418,1.247473,1.250502,1.250426,1.24829,1.250263,1.25304,1.255874,1.253333,1.251089,1.251291,1.25107,1.251117,1.249518,1.249868,1.248935,1.252152,1.252205,1.252286,1.25203,1.252396,1.25208,1.253698,1.252122,1.251723,1.250544,1.250474,1.249987,1.250125,1.249822,1.249369,1.249664,1.250407,1.247695,1.249194,1.250724,1.250655,1.250296,1.248971,1.251805,1.25101,1.2528,1.252557,1.254461,1.25499,1.253091,1.250141,1.248455,1.249741,1.251572,1.250636,1.251443,1.255815,1.254105,1.253268,1.25378,1.254065,1.253955,1.253293,1.252393,1.253634,1.252305,1.255317,1.255223,1.254299,1.254478,1.254716,1.252793,1.253416,1.252784,1.252384,1.252225,1.250776,1.251062,1.251255,1.252354,1.254429,1.254979,1.254957,1.255812,1.254975,1.253702,1.251549,1.2506,1.251077,1.251353,1.254136,1.256836,1.255635,1.253579,1.251817,1.25335,1.254174,1.251052,1.255196,1.253243,1.251084,1.251893,1.248146,1.246708,1.247439,1.250319,1.249306,1.24818,1.246916,1.24401,1.236863,1.235172,1.23291,1.235907,1.238607,1.240785,1.240878,1.24194,1.241455,1.24478,1.238874,1.238912,1.239299,1.239435,1.237966,1.234784,1.232377,1.233328,1.231488,1.236202,1.233995,1.232697,1.233757,1.237275,1.236171,1.236126,1.241457,1.240234,1.240685,1.237964,1.232872,1.230469,1.22333,1.220602,1.220159,1.221112,1.223172,1.226851,1.219489,1.212626,1.21004,1.207729,1.208783,1.204122,1.203462,1.200409,1.197008,1.189404,1.1875,1.188251,1.186645,1.190614,1.188274,1.183333,1.18428,1.184299,1.18342,1.176632,1.174883,1.177537,1.178089,1.176281,1.171749,1.168999,1.168322,1.169021,1.167831,1.165382,1.166595,1.169938,1.170017,1.165433,1.163419,1.15946,1.158575,1.155979,1.153824,1.152536,1.150043,1.148622,1.151326,1.149114,1.145876,1.140365,1.140515,1.138158,1.145349,1.141655,1.142498,1.144163,1.141892,1.142134,1.139653,1.140988,1.141786,1.138274,1.133226,1.136073,1.132783,1.132011,1.128601,1.125561,1.128853,1.127795,1.125469,1.122529,1.12473,1.126186,1.128729,1.128485,1.130924,1.128283,1.124929,1.123759,1.127584,1.124887,1.127226,1.124937,1.129389,1.128542,1.121894,1.130394,1.129374,1.126781,1.125922,1.126273,1.125803,1.123349,1.124477,1.126619,1.125254,1.115993,1.113033,1.116239,1.122852,1.132609,1.132918,1.131748,1.132093,1.136642,1.139626,1.138367,1.138581,1.140791,1.143851,1.146649,1.150686,1.151022,1.15656,1.155719,1.155143,1.158971,1.16241,1.162216,1.158611,1.160626,1.163636,1.161015,1.162474,1.159632,1.164044,1.164781,1.165851,1.166179,1.170839,1.175279,1.178741,1.184923,1.176471,1.17642,1.182574,1.172756,1.171784,1.176815,1.184946,1.182851,1.179835,1.178956,1.19024,1.185797,1.19011,1.193733,1.182128,1.179474,1.17715,1.173734,1.172666,1.177873,1.179702,1.178265,1.173267,1.178664,1.184775,1.188924,1.189668,1.186293,1.178811,1.182384,1.175513,1.177655,1.187426,1.18722,1.187181,1.184219,1.187801,1.189107,1.187684,1.188839,1.180458,1.191285,1.188691,1.19487,1.192195,1.185706,1.188614,1.189068,1.186285,1.185995,1.18307,1.187899,1.186507,1.182053,1.187809,1.188305,1.188796,1.182734,1.185213,1.188837,1.186347,1.180272,1.189361,1.188015,1.183368,1.191086,1.184147,1.181659,1.177368,1.179171,1.181549,1.183655,1.187763,1.187259,1.185273,1.179165,1.168419,1.161785,1.164465,1.161776,1.161804,1.164864,1.156403,1.161501,1.155352,1.152365,1.145953,1.149644,1.146521,1.141013,1.14207,1.139069,1.139387,1.13998,1.139773,1.139368,1.13848,1.145706,1.147413,1.14894,1.146691,1.144968,1.14464,1.135287,1.13686,1.137956,1.14334,1.142214,1.139314,1.141009,1.141411,1.140158,1.136059,1.133388,1.131965,1.132978,1.123414,1.126175,1.128973,1.131166,1.129031,1.125017,1.116574,1.110641,1.107911,1.110489,1.113486,1.121777,1.108156,1.107654,1.110439,1.111016,1.109543,1.110864,1.106741,1.10342,1.109763,1.10417,1.100962,1.097719,1.093641,1.091544,1.087156,1.085414,1.084807,1.08415,1.081167,1.084019,1.08306,1.089429,1.084724,1.085359,1.081893,1.082931,1.081798,1.081578,1.075664,1.073397,1.069809,1.070807,1.071186,1.07094,1.069792,1.073664,1.072188,1.068597,1.061521,1.066049,1.061228,1.059382,1.057521,1.062583,1.068896,1.067777,1.065027,1.062933,1.063697,1.068691,1.07044,1.063556,1.059571,1.058394,1.061112,1.066498,1.062738,1.057435,1.052549,1.054064,1.050637,1.050287,1.050726,1.04945,1.0469,1.048141,1.046432,1.045854,1.044697,1.040862,1.040055,1.041617,1.045213,1.042933,1.044261,1.037388,1.035468,1.039342,1.039015,1.038681,1.035407,1.031621,1.031994,1.02845,1.022562,1.019868,1.020689,1.024739,1.024474,1.026641,1.025553,1.025486,1.020543,1.023965,1.017578,1.015502,1.017802,1.024747,1.023452,1.021116,1.014188,1.011812,1.009261,1.006588,1.007742,1.004576,1.00288,1.002431,0.999038,0.99465
