,0,1,2,3,4,5,6,7,8,9,10,11,12,13,14,15,16,17,18,19,20,21,22,23,24,25,26,27,28,29,30,31,32,33,34,35,36,37,38,39,40,41,42,43,44,45,46,47,48,49,50,51,52,53,54,55,56,57,58,59,60,61,62,63,64,65,66,67,68,69,70,71,72,73,74,75,76,77,78,79,80,81,82,83,84,85,86,87,88,89,90,91,92,93,94,95,96,97,98,99,100,101,102,103,104,105,106,107,108,109,110,111,112,113,114,115,116,117,118,119,120,121,122,123,124,125,126,127,128,129,130,131,132,133,134,135,136,137,138,139,140,141,142,143,144,145,146,147,148,149,150,151,152,153,154,155,156,157,158,159,160,161,162,163,164,165,166,167,168,169,170,171,172,173,174,175,176,177,178,179,180,181,182,183,184,185,186,187,188,189,190,191,192,193,194,195,196,197,198,199,200,201,202,203,204,205,206,207,208,209,210,211,212,213,214,215,216,217,218,219,220,221,222,223,224,225,226,227,228,229,230,231,232,233,234,235,236,237,238,239,240,241,242,243,244,245,246,247,248,249,250,251,252,253,254,255,256,257,258,259,260,261,262,263,264,265,266,267,268,269,270,271,272,273,274,275,276,277,278,279,280,281,282,283,284,285,286,287,288,289,290,291,292,293,294,295,296,297,298,299,300,301,302,303,304,305,306,307,308,309,310,311,312,313,314,315,316,317,318,319,320,321,322,323,324,325,326,327,328,329,330,331,332,333,334,335,336,337,338,339,340,341,342,343,344,345,346,347,348,349,350,351,352,353,354,355,356,357,358,359,360,361,362,363,364,365,366,367,368,369,370,371,372,373,374,375,376,377,378,379,380,381,382,383,384,385,386,387,388,389,390,391,392,393,394,395,396,397,398,399,400,401,402,403,404,405,406,407,408,409,410,411,412,413,414,415,416,417,418,419,420,421,422,423,424,425,426,427,428,429,430,431,432,433,434,435,436,437,438,439,440,441,442,443,444,445,446,447,448,449,450,451,452,453,454,455,456,457,458,459,460,461,462,463,464,465,466,467,468,469,470,471,472,473,474,475,476,477,478,479,480,481,482,483,484,485,486,487,488,489,490,491,492,493,494,495,496,497,498,499,500,501,502,503,504,505,506,507,508,509,510,511,512,513,514,515,516,517,518,519,520,521,522,523,524,525,526,527,528,529,530,531,532,533,534,535,536,537,538,539,540,541,542,543,544,545,546,547,548,549,550,551,552,553,554,555,556,557,558,559,560,561,562,563,564,565,566,567,568,569,570,571,572,573,574,575,576,577,578,579,580,581,582,583,584,585,586,587,588,589,590,591,592,593,594,595,596,597,598,599,600
Time,0.0,1.0,2.0,3.0,4.0,5.0,6.0,7.0,8.0,9.0,10.0,11.0,12.0,13.0,14.0,15.0,16.0,17.0,18.0,19.0,20.0,21.0,22.0,23.0,24.0,25.0,26.0,27.0,28.0,29.0,30.0,31.0,32.0,33.0,34.0,35.0,36.0,37.0,38.0,39.0,40.0,41.0,42.0,43.0,44.0,45.0,46.0,47.0,48.0,49.0,50.0,51.0,52.0,53.0,54.0,55.0,56.0,57.0,58.0,59.0,60.0,61.0,62.0,63.0,64.0,65.0,66.0,67.0,68.0,69.0,70.0,71.0,72.0,73.0,74.0,75.0,76.0,77.0,78.0,79.0,80.0,81.0,82.0,83.0,84.0,85.0,86.0,87.0,88.0,89.0,90.0,91.0,92.0,93.0,94.0,95.0,96.0,97.0,98.0,99.0,100.0,101.0,102.0,103.0,104.0,105.0,106.0,107.0,108.0,109.0,110.0,111.0,112.0,113.0,114.0,115.0,116.0,117.0,118.0,119.0,120.0,121.0,122.0,123.0,124.0,125.0,126.0,127.0,128.0,129.0,130.0,131.0,132.0,133.0,134.0,135.0,136.0,137.0,138.0,139.0,140.0,141.0,142.0,143.0,144.0,145.0,146.0,147.0,148.0,149.0,150.0,151.0,152.0,153.0,154.0,155.0,156.0,157.0,158.0,159.0,160.0,161.0,162.0,163.0,164.0,165.0,166.0,167.0,168.0,169.0,170.0,171.0,172.0,173.0,174.0,175.0,176.0,177.0,178.0,179.0,180.0,181.0,182.0,183.0,184.0,185.0,186.0,187.0,188.0,189.0,190.0,191.0,192.0,193.0,194.0,195.0,196.0,197.0,198.0,199.0,200.0,201.0,202.0,203.0,204.0,205.0,206.0,207.0,208.0,209.0,210.0,211.0,212.0,213.0,214.0,215.0,216.0,217.0,218.0,219.0,220.0,221.0,222.0,223.0,224.0,225.0,226.0,227.0,228.0,229.0,230.0,231.0,232.0,233.0,234.0,235.0,236.0,237.0,238.0,239.0,240.0,241.0,242.0,243.0,244.0,245.0,246.0,247.0,248.0,249.0,250.0,251.0,252.0,253.0,254.0,255.0,256.0,257.0,258.0,259.0,260.0,261.0,262.0,263.0,264.0,265.0,266.0,267.0,268.0,269.0,270.0,271.0,272.0,273.0,274.0,275.0,276.0,277.0,278.0,279.0,280.0,281.0,282.0,283.0,284.0,285.0,286.0,287.0,288.0,289.0,290.0,291.0,292.0,293.0,294.0,295.0,296.0,297.0,298.0,299.0,300.0,301.0,302.0,303.0,304.0,305.0,306.0,307.0,308.0,309.0,310.0,311.0,312.0,313.0,314.0,315.0,316.0,317.0,318.0,319.0,320.0,321.0,322.0,323.0,324.0,325.0,326.0,327.0,328.0,329.0,330.0,331.0,332.0,333.0,334.0,335.0,336.0,337.0,338.0,339.0,340.0,341.0,342.0,343.0,344.0,345.0,346.0,347.0,348.0,349.0,350.0,351.0,352.0,353.0,354.0,355.0,356.0,357.0,358.0,359.0,360.0,361.0,362.0,363.0,364.0,365.0,366.0,367.0,368.0,369.0,370.0,371.0,372.0,373.0,374.0,375.0,376.0,377.0,378.0,379.0,380.0,381.0,382.0,383.0,384.0,385.0,386.0,387.0,388.0,389.0,390.0,391.0,392.0,393.0,394.0,395.0,396.0,397.0,398.0,399.0,400.0,401.0,402.0,403.0,404.0,405.0,406.0,407.0,408.0,409.0,410.0,411.0,412.0,413.0,414.0,415.0,416.0,417.0,418.0,419.0,420.0,421.0,422.0,423.0,424.0,425.0,426.0,427.0,428.0,429.0,430.0,431.0,432.0,433.0,434.0,435.0,436.0,437.0,438.0,439.0,440.0,441.0,442.0,443.0,444.0,445.0,446.0,447.0,448.0,449.0,450.0,451.0,452.0,453.0,454.0,455.0,456.0,457.0,458.0,459.0,460.0,461.0,462.0,463.0,464.0,465.0,466.0,467.0,468.0,469.0,470.0,471.0,472.0,473.0,474.0,475.0,476.0,477.0,478.0,479.0,480.0,481.0,482.0,483.0,484.0,485.0,486.0,487.0,488.0,489.0,490.0,491.0,492.0,493.0,494.0,495.0,496.0,497.0,498.0,499.0,500.0,501.0,502.0,503.0,504.0,505.0,506.0,507.0,508.0,509.0,510.0,511.0,512.0,513.0,514.0,515.0,516.0,517.0,518.0,519.0,520.0,521.0,522.0,523.0,524.0,525.0,526.0,527.0,528.0,529.0,530.0,531.0,532.0,533.0,534.0,535.0,536.0,537.0,538.0,539.0,540.0,541.0,542.0,543.0,544.0,545.0,546.0,547.0,548.0,549.0,550.0,551.0,552.0,553.0,554.0,555.0,556.0,557.0,558.0,559.0,560.0,561.0,562.0,563.0,564.0,565.0,566.0,567.0,568.0,569.0,570.0,571.0,572.0,573.0,574.0,575.0,576.0,577.0,578.0,579.0,580.0,581.0,582.0,583.0,584.0,585.0,586.0,587.0,588.0,589.0,590.0,591.0,592.0,593.0,594.0,595.0,596.0,597.0,598.0,599.0,600.0
Frac_occupied,0.009570312499999956,0.010156249999999978,0.012890625000000044,0.014257812500000022,0.013476562499999956,0.012890625000000044,0.015039062499999978,0.017968749999999978,0.017382812499999956,0.018359374999999956,0.016406249999999956,0.020898437499999978,0.014453124999999956,0.014062499999999978,0.020898437499999978,0.017968749999999978,0.022070312500000022,0.021093750000000022,0.020703125000000044,0.018945312499999978,0.018164062500000022,0.013867187500000044,0.01953125,0.014062499999999978,0.019140625000000022,0.023828124999999978,0.03164062499999998,0.02734375,0.025000000000000022,0.030468750000000044,0.026757812499999978,0.028124999999999956,0.019140625000000022,0.023632812500000044,0.0302734375,0.0322265625,0.027539062500000044,0.018164062500000022,0.016992187499999978,0.012499999999999956,0.0185546875,0.023632812500000044,0.020703125000000044,0.025976562500000022,0.024609375000000044,0.03476562500000002,0.023046875000000022,0.028515625000000044,0.033007812499999956,0.0361328125,0.027929687500000022,0.027148437499999956,0.029101562499999956,0.0380859375,0.0390625,0.03769531250000002,0.03554687499999998,0.03261718749999998,0.02734375,0.03945312499999998,0.03164062499999998,0.031445312500000044,0.03964843750000002,0.030664062499999978,0.038867187499999956,0.025195312499999956,0.03964843750000002,0.04140624999999998,0.0361328125,0.026757812499999978,0.0283203125,0.03671875000000002,0.031054687499999956,0.029101562499999956,0.022265624999999956,0.030468750000000044,0.026953125000000022,0.024218749999999956,0.019921874999999978,0.0283203125,0.024023437500000022,0.028124999999999956,0.026953125000000022,0.025976562500000022,0.022070312500000022,0.018164062500000022,0.03281250000000002,0.0224609375,0.021679687500000044,0.019335937499999956,0.011914062500000044,0.019335937499999956,0.020312499999999956,0.025976562500000022,0.017968749999999978,0.024218749999999956,0.021093750000000022,0.024609375000000044,0.022851562499999978,0.0205078125,0.023828124999999978,0.024609375000000044,0.029687499999999978,0.025000000000000022,0.019726562500000044,0.023242187499999956,0.019921874999999978,0.019921874999999978,0.018945312499999978,0.017578125,0.015625,0.016210937500000022,0.016210937500000022,0.0205078125,0.016796875000000044,0.019140625000000022,0.018750000000000044,0.019921874999999978,0.021484375,0.017968749999999978,0.020703125000000044,0.017187500000000022,0.015429687499999956,0.016210937500000022,0.017773437500000044,0.0205078125,0.022265624999999956,0.020898437499999978,0.023046875000000022,0.027539062500000044,0.026171874999999956,0.026757812499999978,0.025976562500000022,0.03164062499999998,0.021093750000000022,0.03281250000000002,0.0302734375,0.03125,0.037304687500000044,0.03378906250000002,0.028124999999999956,0.026757812499999978,0.0244140625,0.028515625000000044,0.029101562499999956,0.0263671875,0.028515625000000044,0.026757812499999978,0.027539062500000044,0.024609375000000044,0.026562500000000044,0.0283203125,0.0234375,0.029296875,0.029687499999999978,0.037109375,0.03378906250000002,0.037109375,0.0361328125,0.03261718749999998,0.028710937499999978,0.029101562499999956,0.02734375,0.030078124999999956,0.03125,0.028515625000000044,0.03554687499999998,0.033007812499999956,0.036914062499999956,0.0341796875,0.03359374999999998,0.032421875000000044,0.03261718749999998,0.030859375000000022,0.034375000000000044,0.030859375000000022,0.034960937499999956,0.0341796875,0.035351562500000044,0.033398437500000044,0.03476562500000002,0.03164062499999998,0.03554687499999998,0.03671875000000002,0.04042968749999998,0.04062500000000002,0.039843749999999956,0.037304687500000044,0.037304687500000044,0.038281250000000044,0.035351562500000044,0.0361328125,0.03554687499999998,0.041210937500000044,0.042187500000000044,0.04531249999999998,0.0458984375,0.04824218749999998,0.04726562499999998,0.0478515625,0.04648437500000002,0.05039062500000002,0.053906250000000044,0.054492187499999956,0.0556640625,0.055859375000000044,0.057421874999999956,0.0634765625,0.06562500000000004,0.06992187500000002,0.06640625,0.06621093749999996,0.06562500000000004,0.06874999999999998,0.07285156250000002,0.07109374999999996,0.07636718750000004,0.08554687500000002,0.09355468749999996,0.0791015625,0.08281249999999996,0.0927734375,0.08515625000000004,0.08710937500000004,0.09121093749999998,0.09589843750000004,0.09101562500000004,0.10195312499999998,0.11894531249999996,0.10683593749999998,0.12187499999999996,0.12753906250000002,0.13398437500000004,0.14667968750000004,0.14453125,0.1396484375,0.13984375000000004,0.15078124999999998,0.14179687500000004,0.14687499999999998,0.15390625000000002,0.16328125000000004,0.16464843750000002,0.17500000000000004,0.20429687500000004,0.189453125,0.19999999999999996,0.21523437499999998,0.189453125,0.20937499999999998,0.22148437499999996,0.23183593749999998,0.21406250000000004,0.2275390625,0.22031250000000002,0.23867187499999998,0.23398437500000002,0.22734374999999996,0.234375,0.25175781249999996,0.23203125000000002,0.26015625,0.25996093750000004,0.263671875,0.24609375,0.2568359375,0.2787109375,0.29414062500000004,0.289453125,0.289453125,0.298828125,0.2841796875,0.28125,0.2953125,0.2767578125,0.26171875,0.2900390625,0.2798828125,0.25761718749999996,0.2984375,0.2845703125,0.2984375,0.32792968749999996,0.31132812499999996,0.32539062500000004,0.33378906249999996,0.34550781249999996,0.33808593750000004,0.337890625,0.3375,0.3330078125,0.3408203125,0.3466796875,0.347265625,0.3349609375,0.3529296875,0.355078125,0.3353515625,0.35078125000000004,0.35078125000000004,0.33984375,0.34589843750000004,0.3619140625,0.37324218750000004,0.3724609375,0.3578125,0.3544921875,0.371484375,0.37265625,0.362890625,0.37382812499999996,0.40019531249999996,0.37578124999999996,0.363671875,0.38105468750000004,0.3828125,0.38593750000000004,0.369140625,0.3833984375,0.38203125000000004,0.37871093749999996,0.39765625000000004,0.3994140625,0.41191406249999996,0.41132812500000004,0.3970703125,0.414453125,0.4095703125,0.39726562499999996,0.38593750000000004,0.38945312499999996,0.4017578125,0.396875,0.4134765625,0.40996093749999996,0.4154296875,0.40234375,0.3921875,0.40859375,0.423828125,0.4345703125,0.4076171875,0.4359375,0.43144531249999996,0.40898437499999996,0.4130859375,0.4208984375,0.40898437499999996,0.4380859375,0.4341796875,0.4466796875,0.45097656249999996,0.45234375000000004,0.45859375,0.44511718749999996,0.42558593749999996,0.4310546875,0.44941406250000004,0.4375,0.4267578125,0.45390624999999996,0.43359375,0.44765625,0.4146484375,0.4359375,0.4208984375,0.4228515625,0.4365234375,0.43183593750000004,0.4404296875,0.45234375000000004,0.44140625,0.44765625,0.43144531249999996,0.478125,0.4642578125,0.47382812500000004,0.4623046875,0.47050781249999996,0.4556640625,0.45703125,0.453515625,0.4232421875,0.43281250000000004,0.453515625,0.44707031249999996,0.4501953125,0.4638671875,0.47539062499999996,0.466796875,0.45585937499999996,0.4625,0.4498046875,0.4517578125,0.47050781249999996,0.455078125,0.460546875,0.465234375,0.47148437499999996,0.47285156250000004,0.46894531250000004,0.46406250000000004,0.4466796875,0.46562499999999996,0.46875,0.4908203125,0.45859375,0.45234375000000004,0.4525390625,0.46484375,0.46269531249999996,0.47148437499999996,0.480859375,0.4580078125,0.45976562499999996,0.48222656249999996,0.48515624999999996,0.4986328125,0.45332031250000004,0.462890625,0.47578125000000004,0.48417968749999996,0.4828125,0.476171875,0.4984375,0.4814453125,0.491796875,0.4888671875,0.4716796875,0.4662109375,0.47773437500000004,0.490234375,0.49296874999999996,0.49238281250000004,0.46503906250000004,0.4765625,0.476953125,0.4833984375,0.4908203125,0.49003906249999996,0.503515625,0.4935546875,0.5005859375,0.49394531249999996,0.49453125,0.4853515625,0.49375,0.47890625,0.4892578125,0.4873046875,0.5173828125,0.4986328125,0.50234375,0.504296875,0.487890625,0.5111328125,0.5150390625,0.50234375,0.488671875,0.4974609375,0.4703125,0.49824218750000004,0.49726562500000004,0.4966796875,0.501953125,0.5046875,0.5173828125,0.513671875,0.5224609375,0.5125,0.50546875,0.505078125,0.50546875,0.48984375,0.501953125,0.5046875,0.5013671875,0.5115234375,0.5037109375,0.509375,0.5251953125,0.525390625,0.52421875,0.5333984375,0.5033203125,0.5208984375,0.52734375,0.5318359375,0.5306640625,0.5279296875,0.5111328125,0.516015625,0.5294921875,0.515625,0.515234375,0.5197265625,0.5201171875,0.5287109375,0.516015625,0.5048828125,0.5134765625,0.5232421875,0.51484375,0.50625,0.51875,0.5201171875,0.534765625,0.523046875,0.535546875,0.5224609375,0.5150390625,0.5130859375,0.508984375,0.5205078125,0.519921875,0.525390625,0.5318359375,0.5201171875,0.5287109375,0.51328125,0.503515625,0.5142578125,0.5173828125,0.532421875,0.50546875,0.529296875,0.510546875,0.51640625,0.527734375,0.524609375,0.51953125,0.5099609375,0.49335937500000004,0.5185546875,0.520703125,0.4916015625,0.4857421875,0.49375,0.503125,0.512109375,0.4876953125,0.49003906249999996,0.5205078125,0.512109375,0.526171875,0.507421875,0.5048828125,0.5083984375,0.516015625,0.523046875,0.5328125,0.533984375,0.528515625,0.52265625,0.533984375,0.5337890625,0.541015625,0.52578125,0.5302734375,0.5369140625,0.5234375,0.527734375,0.5556640625,0.53125,0.5197265625,0.53203125,0.52265625,0.520703125,0.526953125,0.5271484375,0.5326171875,0.5197265625,0.5408203125,0.514453125,0.516796875,0.526953125,0.52578125,0.5271484375,0.5283203125,0.5208984375,0.5158203125,0.528515625,0.526953125,0.525390625,0.5248046875,0.5216796875,0.5068359375,0.496484375,0.515625,0.5146484375,0.5134765625,0.5103515625,0.5072265625,0.5060546875,0.4974609375,0.522265625,0.5134765625,0.509375,0.504296875,0.48710937499999996,0.498046875
