,0,1,2,3,4,5,6,7,8,9,10,11,12,13,14,15,16,17,18,19,20,21,22,23,24,25,26,27,28,29,30,31,32,33,34,35,36,37,38,39,40,41,42,43,44,45,46,47,48,49,50,51,52,53,54,55,56,57,58,59,60,61,62,63,64,65,66,67,68,69,70,71,72,73,74,75,76,77,78,79,80,81,82,83,84,85,86,87,88,89,90,91,92,93,94,95,96,97,98,99,100,101,102,103,104,105,106,107,108,109,110,111,112,113,114,115,116,117,118,119,120,121,122,123,124,125,126,127,128,129,130,131,132,133,134,135,136,137,138,139,140,141,142,143,144,145,146,147,148,149,150,151,152,153,154,155,156,157,158,159,160,161,162,163,164,165,166,167,168,169,170,171,172,173,174,175,176,177,178,179,180,181,182,183,184,185,186,187,188,189,190,191,192,193,194,195,196,197,198,199,200,201,202,203,204,205,206,207,208,209,210,211,212,213,214,215,216,217,218,219,220,221,222,223,224,225,226,227,228,229,230,231,232,233,234,235,236,237,238,239,240,241,242,243,244,245,246,247,248,249,250,251,252,253,254,255,256,257,258,259,260,261,262,263,264,265,266,267,268,269,270,271,272,273,274,275,276,277,278,279,280,281,282,283,284,285,286,287,288,289,290,291,292,293,294,295,296,297,298,299,300,301,302,303,304,305,306,307,308,309,310,311,312,313,314,315,316,317,318,319,320,321,322,323,324,325,326,327,328,329,330,331,332,333,334,335,336,337,338,339,340,341,342,343,344,345,346,347,348,349,350,351,352,353,354,355,356,357,358,359,360,361,362,363,364,365,366,367,368,369,370,371,372,373,374,375,376,377,378,379,380,381,382,383,384,385,386,387,388,389,390,391,392,393,394,395,396,397,398,399,400,401,402,403,404,405,406,407,408,409,410,411,412,413,414,415,416,417,418,419,420,421,422,423,424,425,426,427,428,429,430,431,432,433,434,435,436,437,438,439,440,441,442,443,444,445,446,447,448,449,450,451,452,453,454,455,456,457,458,459,460,461,462,463,464,465,466,467,468,469,470,471,472,473,474,475,476,477,478,479,480,481,482,483,484,485,486,487,488,489,490,491,492,493,494,495,496,497,498,499,500,501,502,503,504,505,506,507,508,509,510,511,512,513,514,515,516,517,518,519,520,521,522,523,524,525,526,527,528,529,530,531,532,533,534,535,536,537,538,539,540,541,542,543,544,545,546,547,548,549,550,551,552,553,554,555,556,557,558,559,560,561,562,563,564,565,566,567,568,569,570,571,572,573,574,575,576,577,578,579,580,581,582,583,584,585,586,587,588,589,590,591,592,593,594,595,596,597,598,599,600
Time,0.0,1.0,2.0,3.0,4.0,5.0,6.0,7.0,8.0,9.0,10.0,11.0,12.0,13.0,14.0,15.0,16.0,17.0,18.0,19.0,20.0,21.0,22.0,23.0,24.0,25.0,26.0,27.0,28.0,29.0,30.0,31.0,32.0,33.0,34.0,35.0,36.0,37.0,38.0,39.0,40.0,41.0,42.0,43.0,44.0,45.0,46.0,47.0,48.0,49.0,50.0,51.0,52.0,53.0,54.0,55.0,56.0,57.0,58.0,59.0,60.0,61.0,62.0,63.0,64.0,65.0,66.0,67.0,68.0,69.0,70.0,71.0,72.0,73.0,74.0,75.0,76.0,77.0,78.0,79.0,80.0,81.0,82.0,83.0,84.0,85.0,86.0,87.0,88.0,89.0,90.0,91.0,92.0,93.0,94.0,95.0,96.0,97.0,98.0,99.0,100.0,101.0,102.0,103.0,104.0,105.0,106.0,107.0,108.0,109.0,110.0,111.0,112.0,113.0,114.0,115.0,116.0,117.0,118.0,119.0,120.0,121.0,122.0,123.0,124.0,125.0,126.0,127.0,128.0,129.0,130.0,131.0,132.0,133.0,134.0,135.0,136.0,137.0,138.0,139.0,140.0,141.0,142.0,143.0,144.0,145.0,146.0,147.0,148.0,149.0,150.0,151.0,152.0,153.0,154.0,155.0,156.0,157.0,158.0,159.0,160.0,161.0,162.0,163.0,164.0,165.0,166.0,167.0,168.0,169.0,170.0,171.0,172.0,173.0,174.0,175.0,176.0,177.0,178.0,179.0,180.0,181.0,182.0,183.0,184.0,185.0,186.0,187.0,188.0,189.0,190.0,191.0,192.0,193.0,194.0,195.0,196.0,197.0,198.0,199.0,200.0,201.0,202.0,203.0,204.0,205.0,206.0,207.0,208.0,209.0,210.0,211.0,212.0,213.0,214.0,215.0,216.0,217.0,218.0,219.0,220.0,221.0,222.0,223.0,224.0,225.0,226.0,227.0,228.0,229.0,230.0,231.0,232.0,233.0,234.0,235.0,236.0,237.0,238.0,239.0,240.0,241.0,242.0,243.0,244.0,245.0,246.0,247.0,248.0,249.0,250.0,251.0,252.0,253.0,254.0,255.0,256.0,257.0,258.0,259.0,260.0,261.0,262.0,263.0,264.0,265.0,266.0,267.0,268.0,269.0,270.0,271.0,272.0,273.0,274.0,275.0,276.0,277.0,278.0,279.0,280.0,281.0,282.0,283.0,284.0,285.0,286.0,287.0,288.0,289.0,290.0,291.0,292.0,293.0,294.0,295.0,296.0,297.0,298.0,299.0,300.0,301.0,302.0,303.0,304.0,305.0,306.0,307.0,308.0,309.0,310.0,311.0,312.0,313.0,314.0,315.0,316.0,317.0,318.0,319.0,320.0,321.0,322.0,323.0,324.0,325.0,326.0,327.0,328.0,329.0,330.0,331.0,332.0,333.0,334.0,335.0,336.0,337.0,338.0,339.0,340.0,341.0,342.0,343.0,344.0,345.0,346.0,347.0,348.0,349.0,350.0,351.0,352.0,353.0,354.0,355.0,356.0,357.0,358.0,359.0,360.0,361.0,362.0,363.0,364.0,365.0,366.0,367.0,368.0,369.0,370.0,371.0,372.0,373.0,374.0,375.0,376.0,377.0,378.0,379.0,380.0,381.0,382.0,383.0,384.0,385.0,386.0,387.0,388.0,389.0,390.0,391.0,392.0,393.0,394.0,395.0,396.0,397.0,398.0,399.0,400.0,401.0,402.0,403.0,404.0,405.0,406.0,407.0,408.0,409.0,410.0,411.0,412.0,413.0,414.0,415.0,416.0,417.0,418.0,419.0,420.0,421.0,422.0,423.0,424.0,425.0,426.0,427.0,428.0,429.0,430.0,431.0,432.0,433.0,434.0,435.0,436.0,437.0,438.0,439.0,440.0,441.0,442.0,443.0,444.0,445.0,446.0,447.0,448.0,449.0,450.0,451.0,452.0,453.0,454.0,455.0,456.0,457.0,458.0,459.0,460.0,461.0,462.0,463.0,464.0,465.0,466.0,467.0,468.0,469.0,470.0,471.0,472.0,473.0,474.0,475.0,476.0,477.0,478.0,479.0,480.0,481.0,482.0,483.0,484.0,485.0,486.0,487.0,488.0,489.0,490.0,491.0,492.0,493.0,494.0,495.0,496.0,497.0,498.0,499.0,500.0,501.0,502.0,503.0,504.0,505.0,506.0,507.0,508.0,509.0,510.0,511.0,512.0,513.0,514.0,515.0,516.0,517.0,518.0,519.0,520.0,521.0,522.0,523.0,524.0,525.0,526.0,527.0,528.0,529.0,530.0,531.0,532.0,533.0,534.0,535.0,536.0,537.0,538.0,539.0,540.0,541.0,542.0,543.0,544.0,545.0,546.0,547.0,548.0,549.0,550.0,551.0,552.0,553.0,554.0,555.0,556.0,557.0,558.0,559.0,560.0,561.0,562.0,563.0,564.0,565.0,566.0,567.0,568.0,569.0,570.0,571.0,572.0,573.0,574.0,575.0,576.0,577.0,578.0,579.0,580.0,581.0,582.0,583.0,584.0,585.0,586.0,587.0,588.0,589.0,590.0,591.0,592.0,593.0,594.0,595.0,596.0,597.0,598.0,599.0,600.0
a1,0.25,0.250369,0.249312,0.247986,0.249033,0.250543,0.250704,0.248825,0.24685,0.247383,0.244296,0.240508,0.237886,0.243345,0.244669,0.246343,0.248138,0.247885,0.249931,0.249612,0.246261,0.245077,0.244788,0.245662,0.2443,0.248007,0.244076,0.245638,0.247982,0.248819,0.242824,0.242235,0.246607,0.247557,0.249359,0.245493,0.246538,0.245534,0.243553,0.249437,0.249178,0.24931,0.252978,0.25188,0.251575,0.252242,0.257661,0.257715,0.255074,0.254387,0.255688,0.253782,0.253533,0.25147,0.253177,0.249941,0.251575,0.249094,0.251985,0.250318,0.254828,0.255123,0.25501,0.252395,0.249243,0.248695,0.24772,0.249898,0.249136,0.247937,0.246444,0.246059,0.252678,0.255862,0.257453,0.254858,0.250462,0.251002,0.249803,0.251692,0.251369,0.250472,0.248409,0.251169,0.251237,0.248438,0.244111,0.245418,0.247205,0.250718,0.25346,0.25479,0.25399,0.256285,0.254948,0.251325,0.254905,0.256489,0.258169,0.256938,0.257527,0.258837,0.257185,0.261748,0.263734,0.26235,0.256345,0.251937,0.250343,0.2504,0.253236,0.254094,0.255118,0.2531,0.252171,0.253417,0.249584,0.245768,0.245224,0.245647,0.245393,0.244395,0.24093,0.242523,0.243356,0.247492,0.251424,0.251608,0.251619,0.247632,0.251535,0.251117,0.246274,0.247443,0.251703,0.248536,0.249388,0.249971,0.250585,0.249509,0.250912,0.253501,0.250443,0.24563,0.239182,0.236371,0.228599,0.230752,0.233435,0.227718,0.216208,0.211667,0.201848,0.195604,0.189729,0.187011,0.182653,0.18347,0.182034,0.179558,0.179794,0.178385,0.179266,0.179433,0.180023,0.17763,0.170855,0.166742,0.167055,0.167842,0.167272,0.166639,0.16582,0.164719,0.160833,0.16079,0.162863,0.161399,0.160384,0.159942,0.160306,0.158918,0.158555,0.154034,0.153303,0.149087,0.148695,0.150166,0.153243,0.152844,0.151953,0.151437,0.151849,0.153144,0.163425,0.167583,0.171838,0.177962,0.178715,0.183114,0.187195,0.187356,0.18825,0.18694,0.187287,0.185616,0.191829,0.189166,0.190633,0.189428,0.182782,0.18339,0.176473,0.180166,0.180572,0.182548,0.179073,0.182287,0.180259,0.181804,0.183075,0.178738,0.17939,0.182051,0.178001,0.1796,0.178749,0.175103,0.176708,0.178895,0.180041,0.175404,0.179362,0.177861,0.175842,0.177657,0.179434,0.183059,0.177288,0.176472,0.169716,0.16819,0.166236,0.170711,0.171856,0.168544,0.171037,0.178539,0.175744,0.171464,0.165877,0.167908,0.166669,0.165356,0.166917,0.168296,0.168296,0.164374,0.165744,0.167088,0.164998,0.164997,0.166455,0.162673,0.161797,0.162893,0.166357,0.165568,0.167752,0.164517,0.161683,0.165134,0.161535,0.161283,0.159959,0.163806,0.162365,0.1631,0.162762,0.162854,0.163111,0.165653,0.168249,0.170921,0.164709,0.165951,0.163605,0.165715,0.166122,0.167388,0.164635,0.161816,0.165372,0.162686,0.162213,0.161233,0.160449,0.16019,0.159406,0.163693,0.160913,0.162993,0.160008,0.157685,0.157943,0.160134,0.161063,0.159859,0.158931,0.157578,0.151649,0.152049,0.152821,0.152154,0.158133,0.154078,0.154399,0.153667,0.150034,0.150006,0.147953,0.155406,0.153184,0.149857,0.156594,0.153228,0.15653,0.155468,0.147805,0.14931,0.149974,0.153242,0.150775,0.148536,0.153107,0.148927,0.151541,0.151352,0.152951,0.155482,0.15308,0.151664,0.149546,0.149593,0.15024,0.150472,0.152071,0.148676,0.148402,0.150073,0.149281,0.147647,0.148957,0.148107,0.151357,0.149697,0.146454,0.147531,0.145065,0.148476,0.147471,0.148909,0.148168,0.144566,0.145556,0.147094,0.144066,0.144732,0.144258,0.149284,0.150348,0.151365,0.153613,0.154463,0.150779,0.147885,0.147697,0.147104,0.148396,0.144976,0.145626,0.146016,0.145494,0.142683,0.140211,0.14373,0.145673,0.145228,0.143519,0.140366,0.136506,0.138082,0.142036,0.141995,0.143542,0.145285,0.138713,0.139806,0.139118,0.140792,0.141271,0.138953,0.14409,0.142962,0.140031,0.143178,0.143244,0.142147,0.139397,0.144072,0.137021,0.134558,0.134831,0.141072,0.138464,0.135189,0.136811,0.137802,0.139458,0.142441,0.13921,0.140386,0.140477,0.14014,0.138035,0.139904,0.138746,0.136743,0.138444,0.137014,0.138832,0.138742,0.136618,0.135162,0.140551,0.141831,0.143792,0.138803,0.139703,0.136268,0.136279,0.139371,0.139181,0.134335,0.136353,0.134414,0.133108,0.137568,0.137077,0.13759,0.135185,0.137062,0.138941,0.133471,0.137178,0.139707,0.133452,0.132239,0.129732,0.135688,0.136351,0.129976,0.136515,0.135942,0.132896,0.134134,0.130506,0.128972,0.135704,0.137887,0.134094,0.132557,0.128838,0.132568,0.134404,0.134587,0.132635,0.132248,0.131252,0.130751,0.133879,0.134963,0.133115,0.132422,0.130391,0.128609,0.125675,0.130941,0.131038,0.134751,0.132059,0.134109,0.132142,0.136854,0.133503,0.129208,0.126995,0.128319,0.134045,0.137263,0.135265,0.136821,0.133206,0.129832,0.130223,0.13085,0.131241,0.132671,0.127497,0.126946,0.127676,0.13446,0.127868,0.126871,0.12801,0.123319,0.124359,0.132668,0.130543,0.129243,0.125142,0.121524,0.124286,0.126868,0.12941,0.127495,0.131398,0.126232,0.126194,0.127163,0.120919,0.120082,0.125712,0.127594,0.128593,0.124549,0.121974,0.122083,0.126953,0.124244,0.131545,0.124382,0.125252,0.122151,0.123223,0.119293,0.125094,0.11929,0.124126,0.122856,0.121548,0.121886,0.123542,0.123348,0.121514,0.12172,0.127594,0.122737,0.123857,0.126907,0.124018,0.1188,0.120529,0.125493,0.127484,0.131658,0.121786,0.1246,0.125246,0.122786,0.129964,0.126905,0.126804,0.124936,0.120665,0.123947,0.119275,0.121065,0.121825,0.120624,0.123994,0.125047,0.125261,0.123812,0.124272,0.124483,0.122352,0.120396,0.116079,0.124258,0.125853,0.122526,0.125031,0.121964,0.11777,0.122089,0.119389,0.12408,0.121257,0.126911,0.12598
a2,0.25,0.252791,0.249978,0.248533,0.247135,0.245112,0.24697,0.249616,0.248039,0.247663,0.247849,0.243069,0.244339,0.244462,0.243964,0.246165,0.242027,0.243212,0.243128,0.245819,0.244574,0.245,0.243653,0.246906,0.252697,0.25522,0.254028,0.252577,0.249852,0.247746,0.250462,0.248637,0.245188,0.243474,0.245926,0.244752,0.246673,0.25531,0.261935,0.261895,0.261767,0.259429,0.256174,0.255776,0.252226,0.254104,0.249266,0.246958,0.24746,0.245433,0.245129,0.242837,0.246311,0.248975,0.247744,0.245646,0.243395,0.244983,0.245261,0.243251,0.24272,0.243387,0.247108,0.247984,0.248641,0.251169,0.253642,0.251512,0.251125,0.249698,0.249826,0.24903,0.247148,0.245152,0.244863,0.248734,0.251909,0.253344,0.248198,0.246566,0.245672,0.248425,0.252326,0.251467,0.250402,0.249843,0.250764,0.251898,0.248495,0.248775,0.245657,0.245675,0.247663,0.245737,0.248054,0.24862,0.245635,0.241618,0.240698,0.245037,0.244253,0.243598,0.243091,0.244353,0.240908,0.24342,0.247579,0.249798,0.2493,0.252106,0.250491,0.251301,0.250871,0.254089,0.255212,0.25443,0.25609,0.258578,0.256217,0.252235,0.254744,0.254414,0.254489,0.253787,0.254219,0.25328,0.248626,0.247411,0.248073,0.250917,0.250287,0.249,0.251879,0.257363,0.251844,0.25195,0.250317,0.248925,0.245562,0.247178,0.24398,0.239484,0.238501,0.241229,0.244983,0.244123,0.246649,0.245439,0.241638,0.242512,0.252346,0.256415,0.264515,0.267669,0.273303,0.276711,0.28725,0.289838,0.297311,0.298386,0.299353,0.305525,0.310337,0.311706,0.313516,0.318555,0.320595,0.321623,0.323508,0.321052,0.320149,0.315651,0.318227,0.316923,0.319034,0.313683,0.306845,0.309262,0.306375,0.304875,0.301864,0.302844,0.300785,0.298287,0.29751,0.303465,0.305972,0.301902,0.297392,0.289031,0.284754,0.282564,0.274881,0.266902,0.243589,0.232206,0.21986,0.207863,0.20421,0.19724,0.191127,0.189722,0.188136,0.187574,0.185615,0.186886,0.181249,0.183381,0.18339,0.183586,0.185421,0.182069,0.187169,0.183615,0.183149,0.179803,0.182901,0.179405,0.180925,0.179588,0.177159,0.181444,0.180162,0.177052,0.179173,0.17819,0.17922,0.182149,0.179574,0.177463,0.1761,0.178667,0.171822,0.174472,0.176865,0.175707,0.174148,0.170227,0.176109,0.174858,0.178463,0.177532,0.178635,0.173091,0.172392,0.175128,0.173036,0.165815,0.168547,0.171554,0.178347,0.174787,0.174944,0.177628,0.175334,0.172744,0.170862,0.174644,0.174216,0.172924,0.171887,0.170694,0.16959,0.170764,0.171404,0.169076,0.164783,0.166342,0.163938,0.166076,0.1679,0.164528,0.168266,0.169214,0.170281,0.166108,0.167651,0.165899,0.165224,0.165613,0.165086,0.163515,0.162105,0.16061,0.165274,0.162687,0.163658,0.161412,0.161176,0.158633,0.16064,0.162256,0.159735,0.1612,0.159933,0.160287,0.159819,0.159198,0.158784,0.154906,0.156904,0.15544,0.158987,0.160885,0.158262,0.154803,0.152939,0.154603,0.155659,0.156386,0.161668,0.159926,0.158706,0.15933,0.154452,0.15807,0.158014,0.1573,0.159609,0.158659,0.160906,0.153336,0.155083,0.157595,0.150184,0.153348,0.149568,0.149483,0.156558,0.154407,0.153889,0.149414,0.151693,0.153408,0.148933,0.152522,0.150516,0.150906,0.148971,0.145513,0.146839,0.147872,0.149563,0.149536,0.147389,0.14698,0.145931,0.149431,0.150105,0.149329,0.149537,0.149597,0.148939,0.1499,0.145984,0.146561,0.149294,0.147429,0.149148,0.14579,0.146418,0.145972,0.147438,0.150925,0.14903,0.146862,0.150135,0.149767,0.150508,0.146269,0.145604,0.14494,0.142413,0.140028,0.142536,0.143936,0.1435,0.143708,0.141999,0.144973,0.14469,0.145035,0.144592,0.145485,0.147975,0.144213,0.140909,0.138943,0.140416,0.144926,0.148022,0.145122,0.140362,0.140174,0.137953,0.136663,0.143543,0.142533,0.14228,0.140315,0.140238,0.142875,0.13805,0.138441,0.141122,0.136976,0.136011,0.136846,0.138534,0.134005,0.140447,0.143382,0.142668,0.137137,0.13991,0.142518,0.140886,0.139074,0.138264,0.135834,0.13891,0.137806,0.137703,0.137642,0.139676,0.137195,0.137595,0.139544,0.137308,0.137535,0.135008,0.135019,0.136235,0.137133,0.131381,0.130158,0.128109,0.132832,0.13197,0.136135,0.136664,0.133304,0.132937,0.137631,0.135665,0.137376,0.139183,0.134882,0.13565,0.134671,0.136524,0.134141,0.132716,0.137796,0.132915,0.130118,0.135448,0.136128,0.137326,0.130804,0.130784,0.138236,0.131898,0.133127,0.136263,0.133938,0.137452,0.139042,0.13202,0.130051,0.134534,0.136145,0.140048,0.135387,0.131567,0.130996,0.132549,0.132807,0.133525,0.134135,0.130951,0.129934,0.131707,0.133086,0.135294,0.137137,0.139639,0.133455,0.132428,0.128404,0.130938,0.128859,0.130742,0.126164,0.129262,0.133276,0.134527,0.133058,0.127157,0.123812,0.125483,0.124046,0.12731,0.130082,0.129473,0.128047,0.127934,0.125441,0.129134,0.129437,0.127803,0.120425,0.126347,0.127487,0.125942,0.130626,0.129811,0.12207,0.124231,0.125305,0.128761,0.132335,0.129281,0.125727,0.12263,0.124076,0.119793,0.123563,0.123391,0.122742,0.128622,0.129101,0.123149,0.121717,0.121002,0.123902,0.125559,0.125328,0.120698,0.123482,0.116528,0.123075,0.122449,0.125101,0.123448,0.127504,0.121085,0.126945,0.121772,0.123255,0.124538,0.124536,0.123237,0.123883,0.125485,0.125142,0.119475,0.124324,0.122841,0.119308,0.12189,0.12681,0.124904,0.119419,0.117366,0.113894,0.123236,0.120205,0.120072,0.122825,0.116465,0.119941,0.120703,0.122688,0.125805,0.121752,0.126778,0.124833,0.124163,0.125528,0.122503,0.121971,0.121789,0.123364,0.122819,0.122433,0.124236,0.125869,0.128962,0.119973,0.118251,0.121277,0.118817,0.121969,0.126192,0.12171,0.123851,0.118329,0.120847,0.115404,0.115699
a3,0.25,0.246875,0.250712,0.253517,0.253881,0.254433,0.252357,0.251567,0.255191,0.255028,0.258058,0.267276,0.268817,0.262656,0.261768,0.257664,0.260174,0.25917,0.257137,0.254647,0.259427,0.260227,0.261974,0.257603,0.253102,0.246854,0.252007,0.251844,0.252184,0.253472,0.256914,0.259429,0.258414,0.259234,0.254794,0.260049,0.25693,0.249253,0.244925,0.239184,0.239549,0.24158,0.241103,0.242531,0.246242,0.243776,0.243281,0.245503,0.247541,0.25026,0.249296,0.253539,0.250209,0.249562,0.249111,0.254491,0.255177,0.256048,0.252823,0.256609,0.252619,0.251637,0.247957,0.249641,0.252129,0.250142,0.248678,0.248599,0.249743,0.252385,0.253784,0.254994,0.250204,0.249103,0.247856,0.246483,0.247648,0.245715,0.252013,0.251778,0.253019,0.251111,0.249281,0.247385,0.24837,0.25173,0.255252,0.252749,0.254358,0.250512,0.250947,0.249619,0.248395,0.2481,0.247072,0.250063,0.249547,0.252128,0.251445,0.248177,0.248403,0.247811,0.249923,0.244298,0.245926,0.244671,0.246196,0.248278,0.250358,0.247516,0.246321,0.244699,0.244134,0.242964,0.242787,0.242335,0.244462,0.245869,0.248684,0.252176,0.249951,0.251297,0.254835,0.253861,0.252563,0.249263,0.249958,0.251001,0.250321,0.251469,0.248189,0.249887,0.25189,0.245357,0.24649,0.249526,0.250296,0.251108,0.253924,0.253352,0.255237,0.257373,0.26159,0.263699,0.266658,0.270781,0.277119,0.275887,0.277006,0.282937,0.286385,0.287888,0.292648,0.29843,0.30133,0.301943,0.297806,0.293832,0.288706,0.291633,0.290309,0.286691,0.280858,0.279365,0.276842,0.276134,0.285257,0.291359,0.289118,0.289964,0.291773,0.297054,0.296106,0.299311,0.304514,0.309791,0.312665,0.313034,0.317984,0.320431,0.322893,0.324658,0.327631,0.340071,0.342584,0.34536,0.343433,0.344652,0.342854,0.353694,0.361112,0.365149,0.374338,0.382268,0.392505,0.401529,0.413576,0.422391,0.428135,0.432616,0.436721,0.439577,0.441178,0.445598,0.449471,0.45043,0.449396,0.450425,0.446935,0.4493,0.461027,0.467959,0.473053,0.472323,0.472459,0.476042,0.477059,0.477781,0.479098,0.478564,0.481757,0.481793,0.483458,0.484759,0.48992,0.488236,0.48774,0.489891,0.492404,0.492168,0.492821,0.498582,0.507004,0.503517,0.502408,0.500551,0.50003,0.501421,0.500448,0.506361,0.515882,0.523291,0.526173,0.52879,0.527398,0.52936,0.527951,0.527791,0.527495,0.531185,0.528162,0.532401,0.535877,0.531972,0.533893,0.537456,0.543375,0.544293,0.541123,0.54078,0.550932,0.554785,0.553507,0.562482,0.563416,0.567329,0.569988,0.567338,0.568165,0.571878,0.575577,0.575102,0.574856,0.572525,0.573649,0.574246,0.574013,0.577463,0.581024,0.579332,0.580265,0.576847,0.572891,0.569184,0.573983,0.578743,0.583562,0.584148,0.583569,0.588441,0.590803,0.595112,0.591502,0.595805,0.602278,0.604601,0.609334,0.612696,0.617318,0.6162,0.618862,0.61672,0.614208,0.615905,0.625091,0.630313,0.634319,0.632214,0.631594,0.634054,0.637318,0.642565,0.644233,0.644524,0.639739,0.641549,0.640443,0.646415,0.652487,0.656519,0.656332,0.655705,0.65772,0.661607,0.664388,0.664971,0.667394,0.672338,0.675237,0.677743,0.677013,0.682419,0.683161,0.685708,0.685225,0.687883,0.685029,0.684109,0.68575,0.690622,0.695119,0.696711,0.698591,0.698494,0.705618,0.706487,0.704084,0.703295,0.701435,0.697224,0.699947,0.707409,0.704286,0.703791,0.707151,0.712178,0.714622,0.718377,0.722169,0.721829,0.723637,0.718833,0.715244,0.716127,0.720304,0.723297,0.7224,0.720844,0.719646,0.715573,0.71375,0.71221,0.714241,0.722405,0.727037,0.73405,0.737217,0.73912,0.741501,0.743422,0.741553,0.737812,0.742733,0.752716,0.753096,0.753823,0.761205,0.774342,0.775345,0.768092,0.773289,0.779743,0.783737,0.78502,0.78906,0.786952,0.784729,0.784115,0.789392,0.790932,0.788681,0.787037,0.785508,0.789468,0.790678,0.796708,0.80199,0.803248,0.809113,0.809319,0.811934,0.809871,0.812277,0.807654,0.80656,0.810976,0.810642,0.815305,0.810342,0.807563,0.808013,0.80766,0.80774,0.810041,0.810415,0.814053,0.818457,0.818847,0.821959,0.829166,0.833624,0.834096,0.839502,0.842993,0.846163,0.846404,0.84822,0.847458,0.847504,0.842278,0.838949,0.84102,0.844493,0.845113,0.84467,0.846183,0.843388,0.842068,0.840303,0.843255,0.846611,0.849851,0.847354,0.849569,0.856966,0.859532,0.864416,0.86799,0.877042,0.880357,0.876205,0.869636,0.867759,0.863376,0.862839,0.86972,0.871038,0.871325,0.87214,0.871329,0.866121,0.865791,0.865962,0.87057,0.883611,0.886255,0.888762,0.889633,0.891558,0.890906,0.891252,0.891011,0.89122,0.886602,0.885716,0.88592,0.890357,0.894145,0.900417,0.903049,0.903624,0.90416,0.904402,0.90496,0.905436,0.907355,0.914588,0.915145,0.916698,0.919394,0.920553,0.92063,0.921363,0.925168,0.926734,0.932557,0.930602,0.938869,0.949025,0.950914,0.957563,0.964961,0.967149,0.966033,0.96918,0.969976,0.967908,0.964814,0.963469,0.964818,0.969693,0.971591,0.972439,0.979581,0.984587,0.987726,0.992656,1.001761,1.003456,1.001078,1.004642,1.007881,1.009278,1.006089,1.004178,1.012517,1.020243,1.021217,1.019711,1.018451,1.019332,1.020684,1.01878,1.022497,1.027175,1.027266,1.031554,1.031816,1.033734,1.031855,1.032216,1.029372,1.026282,1.022531,1.024712,1.025778,1.024976,1.02398,1.026968,1.03196,1.033635,1.037174,1.037895,1.042622,1.044288,1.042016,1.041084,1.043221,1.039,1.036061,1.03229,1.026532,1.020862,1.019361,1.029302,1.035399,1.033296,1.033886,1.032984,1.031918,1.028667,1.024447,1.024225,1.022984,1.02372,1.025212,1.027918,1.031073,1.043773,1.048123,1.049907,1.051508,1.051779,1.050364,1.051366,1.051512,1.056708,1.064209,1.066287,1.066837,1.071992
