,0,1,2,3,4,5,6,7,8,9,10,11,12,13,14,15,16,17,18,19,20,21,22,23,24,25,26,27,28,29,30,31,32,33,34,35,36,37,38,39,40,41,42,43,44,45,46,47,48,49,50,51,52,53,54,55,56,57,58,59,60,61,62,63,64,65,66,67,68,69,70,71,72,73,74,75,76,77,78,79,80,81,82,83,84,85,86,87,88,89,90,91,92,93,94,95,96,97,98,99,100,101,102,103,104,105,106,107,108,109,110,111,112,113,114,115,116,117,118,119,120,121,122,123,124,125,126,127,128,129,130,131,132,133,134,135,136,137,138,139,140,141,142,143,144,145,146,147,148,149,150,151,152,153,154,155,156,157,158,159,160,161,162,163,164,165,166,167,168,169,170,171,172,173,174,175,176,177,178,179,180,181,182,183,184,185,186,187,188,189,190,191,192,193,194,195,196,197,198,199,200,201,202,203,204,205,206,207,208,209,210,211,212,213,214,215,216,217,218,219,220,221,222,223,224,225,226,227,228,229,230,231,232,233,234,235,236,237,238,239,240,241,242,243,244,245,246,247,248,249,250,251,252,253,254,255,256,257,258,259,260,261,262,263,264,265,266,267,268,269,270,271,272,273,274,275,276,277,278,279,280,281,282,283,284,285,286,287,288,289,290,291,292,293,294,295,296,297,298,299,300,301,302,303,304,305,306,307,308,309,310,311,312,313,314,315,316,317,318,319,320,321,322,323,324,325,326,327,328,329,330,331,332,333,334,335,336,337,338,339,340,341,342,343,344,345,346,347,348,349,350,351,352,353,354,355,356,357,358,359,360,361,362,363,364,365,366,367,368,369,370,371,372,373,374,375,376,377,378,379,380,381,382,383,384,385,386,387,388,389,390,391,392,393,394,395,396,397,398,399,400,401,402,403,404,405,406,407,408,409,410,411,412,413,414,415,416,417,418,419,420,421,422,423,424,425,426,427,428,429,430,431,432,433,434,435,436,437,438,439,440,441,442,443,444,445,446,447,448,449,450,451,452,453,454,455,456,457,458,459,460,461,462,463,464,465,466,467,468,469,470,471,472,473,474,475,476,477,478,479,480,481,482,483,484,485,486,487,488,489,490,491,492,493,494,495,496,497,498,499,500,501,502,503,504,505,506,507,508,509,510,511,512,513,514,515,516,517,518,519,520,521,522,523,524,525,526,527,528,529,530,531,532,533,534,535,536,537,538,539,540,541,542,543,544,545,546,547,548,549,550,551,552,553,554,555,556,557,558,559,560,561,562,563,564,565,566,567,568,569,570,571,572,573,574,575,576,577,578,579,580,581,582,583,584,585,586,587,588,589,590,591,592,593,594,595,596,597,598,599,600
Time,0.0,1.0,2.0,3.0,4.0,5.0,6.0,7.0,8.0,9.0,10.0,11.0,12.0,13.0,14.0,15.0,16.0,17.0,18.0,19.0,20.0,21.0,22.0,23.0,24.0,25.0,26.0,27.0,28.0,29.0,30.0,31.0,32.0,33.0,34.0,35.0,36.0,37.0,38.0,39.0,40.0,41.0,42.0,43.0,44.0,45.0,46.0,47.0,48.0,49.0,50.0,51.0,52.0,53.0,54.0,55.0,56.0,57.0,58.0,59.0,60.0,61.0,62.0,63.0,64.0,65.0,66.0,67.0,68.0,69.0,70.0,71.0,72.0,73.0,74.0,75.0,76.0,77.0,78.0,79.0,80.0,81.0,82.0,83.0,84.0,85.0,86.0,87.0,88.0,89.0,90.0,91.0,92.0,93.0,94.0,95.0,96.0,97.0,98.0,99.0,100.0,101.0,102.0,103.0,104.0,105.0,106.0,107.0,108.0,109.0,110.0,111.0,112.0,113.0,114.0,115.0,116.0,117.0,118.0,119.0,120.0,121.0,122.0,123.0,124.0,125.0,126.0,127.0,128.0,129.0,130.0,131.0,132.0,133.0,134.0,135.0,136.0,137.0,138.0,139.0,140.0,141.0,142.0,143.0,144.0,145.0,146.0,147.0,148.0,149.0,150.0,151.0,152.0,153.0,154.0,155.0,156.0,157.0,158.0,159.0,160.0,161.0,162.0,163.0,164.0,165.0,166.0,167.0,168.0,169.0,170.0,171.0,172.0,173.0,174.0,175.0,176.0,177.0,178.0,179.0,180.0,181.0,182.0,183.0,184.0,185.0,186.0,187.0,188.0,189.0,190.0,191.0,192.0,193.0,194.0,195.0,196.0,197.0,198.0,199.0,200.0,201.0,202.0,203.0,204.0,205.0,206.0,207.0,208.0,209.0,210.0,211.0,212.0,213.0,214.0,215.0,216.0,217.0,218.0,219.0,220.0,221.0,222.0,223.0,224.0,225.0,226.0,227.0,228.0,229.0,230.0,231.0,232.0,233.0,234.0,235.0,236.0,237.0,238.0,239.0,240.0,241.0,242.0,243.0,244.0,245.0,246.0,247.0,248.0,249.0,250.0,251.0,252.0,253.0,254.0,255.0,256.0,257.0,258.0,259.0,260.0,261.0,262.0,263.0,264.0,265.0,266.0,267.0,268.0,269.0,270.0,271.0,272.0,273.0,274.0,275.0,276.0,277.0,278.0,279.0,280.0,281.0,282.0,283.0,284.0,285.0,286.0,287.0,288.0,289.0,290.0,291.0,292.0,293.0,294.0,295.0,296.0,297.0,298.0,299.0,300.0,301.0,302.0,303.0,304.0,305.0,306.0,307.0,308.0,309.0,310.0,311.0,312.0,313.0,314.0,315.0,316.0,317.0,318.0,319.0,320.0,321.0,322.0,323.0,324.0,325.0,326.0,327.0,328.0,329.0,330.0,331.0,332.0,333.0,334.0,335.0,336.0,337.0,338.0,339.0,340.0,341.0,342.0,343.0,344.0,345.0,346.0,347.0,348.0,349.0,350.0,351.0,352.0,353.0,354.0,355.0,356.0,357.0,358.0,359.0,360.0,361.0,362.0,363.0,364.0,365.0,366.0,367.0,368.0,369.0,370.0,371.0,372.0,373.0,374.0,375.0,376.0,377.0,378.0,379.0,380.0,381.0,382.0,383.0,384.0,385.0,386.0,387.0,388.0,389.0,390.0,391.0,392.0,393.0,394.0,395.0,396.0,397.0,398.0,399.0,400.0,401.0,402.0,403.0,404.0,405.0,406.0,407.0,408.0,409.0,410.0,411.0,412.0,413.0,414.0,415.0,416.0,417.0,418.0,419.0,420.0,421.0,422.0,423.0,424.0,425.0,426.0,427.0,428.0,429.0,430.0,431.0,432.0,433.0,434.0,435.0,436.0,437.0,438.0,439.0,440.0,441.0,442.0,443.0,444.0,445.0,446.0,447.0,448.0,449.0,450.0,451.0,452.0,453.0,454.0,455.0,456.0,457.0,458.0,459.0,460.0,461.0,462.0,463.0,464.0,465.0,466.0,467.0,468.0,469.0,470.0,471.0,472.0,473.0,474.0,475.0,476.0,477.0,478.0,479.0,480.0,481.0,482.0,483.0,484.0,485.0,486.0,487.0,488.0,489.0,490.0,491.0,492.0,493.0,494.0,495.0,496.0,497.0,498.0,499.0,500.0,501.0,502.0,503.0,504.0,505.0,506.0,507.0,508.0,509.0,510.0,511.0,512.0,513.0,514.0,515.0,516.0,517.0,518.0,519.0,520.0,521.0,522.0,523.0,524.0,525.0,526.0,527.0,528.0,529.0,530.0,531.0,532.0,533.0,534.0,535.0,536.0,537.0,538.0,539.0,540.0,541.0,542.0,543.0,544.0,545.0,546.0,547.0,548.0,549.0,550.0,551.0,552.0,553.0,554.0,555.0,556.0,557.0,558.0,559.0,560.0,561.0,562.0,563.0,564.0,565.0,566.0,567.0,568.0,569.0,570.0,571.0,572.0,573.0,574.0,575.0,576.0,577.0,578.0,579.0,580.0,581.0,582.0,583.0,584.0,585.0,586.0,587.0,588.0,589.0,590.0,591.0,592.0,593.0,594.0,595.0,596.0,597.0,598.0,599.0,600.0
a1,1.75,1.748236,1.754168,1.749578,1.747504,1.750136,1.752147,1.747387,1.753009,1.75201,1.755489,1.758799,1.752734,1.7555,1.756074,1.757911,1.757152,1.758046,1.756103,1.75376,1.750049,1.747226,1.744914,1.744878,1.74805,1.753358,1.760209,1.75305,1.751678,1.751023,1.745744,1.742925,1.743677,1.747226,1.746356,1.746578,1.745206,1.743041,1.745174,1.745288,1.741532,1.741283,1.735034,1.731141,1.735753,1.733432,1.733042,1.743311,1.742022,1.744578,1.738793,1.74318,1.740556,1.742604,1.747826,1.745901,1.745142,1.750604,1.747539,1.752037,1.751109,1.746905,1.746282,1.742965,1.740375,1.740823,1.729799,1.733518,1.731598,1.737508,1.736692,1.741971,1.742541,1.733462,1.731999,1.738512,1.740994,1.739348,1.737333,1.740599,1.742785,1.738595,1.740728,1.745995,1.742529,1.740612,1.746006,1.750495,1.749422,1.756105,1.753429,1.747342,1.748307,1.754729,1.760655,1.755359,1.752914,1.755106,1.752813,1.75705,1.751666,1.748955,1.745981,1.745257,1.745928,1.74889,1.749484,1.754037,1.75785,1.755009,1.74672,1.751043,1.752795,1.752656,1.751147,1.750479,1.74602,1.741238,1.741388,1.737975,1.736907,1.741593,1.742974,1.74897,1.74847,1.74997,1.745234,1.746745,1.746399,1.745651,1.74299,1.736882,1.740322,1.740089,1.750813,1.750297,1.745314,1.745731,1.748774,1.745244,1.737946,1.728597,1.728177,1.726747,1.72937,1.729953,1.738154,1.738673,1.739457,1.736362,1.73852,1.743359,1.748966,1.742106,1.741994,1.742584,1.741652,1.736262,1.738037,1.734419,1.726206,1.723753,1.724561,1.732284,1.735812,1.743027,1.745979,1.746384,1.74712,1.748348,1.738992,1.746554,1.754487,1.752971,1.74687,1.745916,1.748649,1.744932,1.744453,1.743265,1.737107,1.735804,1.73785,1.73547,1.738884,1.741171,1.748785,1.749102,1.754587,1.758965,1.751977,1.748281,1.747978,1.742611,1.74153,1.742945,1.743441,1.740195,1.735477,1.732315,1.730032,1.726106,1.729186,1.719194,1.726674,1.730334,1.730484,1.730755,1.731207,1.728578,1.723967,1.72705,1.732335,1.72745,1.720115,1.723482,1.721468,1.728789,1.726571,1.727157,1.725475,1.725218,1.717199,1.722708,1.718584,1.720062,1.723282,1.725298,1.724757,1.724541,1.731214,1.732806,1.735661,1.735003,1.736698,1.731637,1.726148,1.728166,1.725334,1.724473,1.726467,1.719683,1.723913,1.727077,1.725898,1.731329,1.732664,1.727489,1.726958,1.736914,1.731447,1.730633,1.732271,1.729965,1.734184,1.728923,1.725864,1.730735,1.737179,1.736967,1.739936,1.736247,1.73285,1.731872,1.730009,1.728266,1.737328,1.73929,1.739477,1.742488,1.735702,1.736391,1.734587,1.737134,1.742017,1.741395,1.744711,1.74385,1.74638,1.746354,1.744121,1.741184,1.73779,1.736702,1.742201,1.735098,1.728756,1.73224,1.730636,1.727321,1.727072,1.729852,1.72572,1.727392,1.727915,1.722322,1.728237,1.726234,1.727037,1.728331,1.723546,1.727235,1.731969,1.729306,1.734412,1.734981,1.735328,1.735907,1.730953,1.7296,1.726471,1.722103,1.721002,1.726035,1.733288,1.725876,1.721173,1.719541,1.71415,1.713867,1.711799,1.713071,1.710445,1.718347,1.72121,1.724155,1.720706,1.724555,1.724454,1.723592,1.723139,1.719041,1.715488,1.721582,1.728091,1.731778,1.731688,1.728177,1.727173,1.734194,1.737255,1.730369,1.723474,1.720024,1.724784,1.719506,1.718648,1.731834,1.739007,1.732451,1.731187,1.725741,1.728316,1.724711,1.722449,1.722345,1.730953,1.723365,1.733285,1.741463,1.741009,1.727952,1.728675,1.730081,1.728133,1.731445,1.727211,1.723391,1.731092,1.730428,1.731983,1.732804,1.736083,1.740898,1.740135,1.743858,1.745453,1.749587,1.738843,1.737979,1.740086,1.736478,1.733406,1.736839,1.735211,1.72847,1.726251,1.730595,1.729731,1.72967,1.724464,1.727202,1.728682,1.735467,1.733417,1.735947,1.73897,1.733903,1.732777,1.735734,1.722951,1.717763,1.718887,1.725437,1.726528,1.732376,1.727069,1.726779,1.727895,1.725599,1.725797,1.717936,1.714284,1.716827,1.716807,1.721071,1.728399,1.73335,1.734557,1.735325,1.728485,1.732218,1.741078,1.738768,1.738976,1.742955,1.747841,1.752528,1.756334,1.749933,1.739919,1.738028,1.737228,1.735794,1.736436,1.731269,1.732058,1.73625,1.735791,1.739482,1.73701,1.742651,1.732924,1.730624,1.731075,1.729421,1.724127,1.72539,1.731758,1.729483,1.727105,1.729969,1.734053,1.738862,1.742615,1.731743,1.727099,1.727702,1.726357,1.724204,1.718638,1.726814,1.720637,1.723687,1.722388,1.729067,1.725089,1.719334,1.726273,1.728151,1.730355,1.729484,1.731697,1.728726,1.734622,1.729512,1.728288,1.732152,1.730381,1.73643,1.730785,1.728873,1.733683,1.733419,1.73122,1.73282,1.735394,1.731919,1.728017,1.723367,1.731176,1.732524,1.7351,1.734525,1.734352,1.729102,1.729653,1.729757,1.730673,1.724064,1.72821,1.716853,1.716543,1.721363,1.721604,1.724222,1.723737,1.724872,1.727265,1.72383,1.72506,1.72293,1.719004,1.711528,1.710835,1.712647,1.706324,1.708102,1.709646,1.717691,1.719553,1.713926,1.712959,1.70658,1.71262,1.707132,1.705448,1.706937,1.706437,1.709347,1.710451,1.713175,1.714153,1.711844,1.718342,1.72031,1.721277,1.723149,1.71816,1.717044,1.716682,1.723174,1.721431,1.722423,1.723887,1.71691,1.724245,1.725237,1.724195,1.731008,1.730659,1.731606,1.729983,1.728866,1.730684,1.732957,1.727272,1.727906,1.722744,1.722935,1.732803,1.732503,1.734268,1.731598,1.728048,1.731893,1.729497,1.732009,1.732112,1.732817,1.729025,1.726011,1.724626,1.724305,1.720984,1.717992,1.720232,1.718609,1.724784,1.723444,1.718745,1.713547,1.713488,1.714578,1.721121,1.723696,1.718866,1.720791,1.720285,1.72661,1.727196,1.717735,1.720506,1.722026,1.724385,1.728102,1.725068,1.719327,1.720878,1.724795,1.716567
a2,1.75,1.749139,1.745861,1.755705,1.757408,1.758133,1.761362,1.766653,1.762109,1.755957,1.745867,1.737837,1.741596,1.743196,1.745281,1.737959,1.737053,1.734786,1.732082,1.736078,1.742676,1.7421,1.741526,1.744944,1.744981,1.743249,1.747525,1.749353,1.746916,1.746028,1.752862,1.757274,1.760221,1.76153,1.760687,1.759233,1.757341,1.757647,1.757965,1.753455,1.757598,1.754053,1.755423,1.756212,1.756884,1.753531,1.753126,1.745633,1.745832,1.745884,1.750419,1.750366,1.750195,1.750354,1.750219,1.755191,1.755986,1.758757,1.754843,1.746918,1.749794,1.746388,1.747476,1.742111,1.744194,1.739665,1.7466,1.742253,1.746401,1.741517,1.743057,1.741141,1.744389,1.747558,1.750077,1.747561,1.753056,1.754346,1.757203,1.757353,1.749669,1.7513,1.748967,1.746151,1.752972,1.75361,1.747284,1.744988,1.744162,1.748281,1.746037,1.749413,1.74349,1.736755,1.731634,1.741839,1.744335,1.741997,1.744569,1.744544,1.74305,1.742417,1.74394,1.750052,1.747284,1.743682,1.741041,1.736196,1.737702,1.739249,1.73875,1.731857,1.737535,1.740102,1.742218,1.737582,1.740301,1.736953,1.737809,1.73814,1.742669,1.749867,1.745764,1.746693,1.742933,1.742914,1.741483,1.740849,1.740767,1.737224,1.739243,1.74576,1.73886,1.741568,1.736102,1.739087,1.740026,1.739208,1.73334,1.736435,1.739977,1.751017,1.754439,1.75828,1.751863,1.75458,1.741224,1.744488,1.751515,1.753299,1.755185,1.756296,1.755246,1.757314,1.756533,1.752166,1.753216,1.746974,1.742732,1.745238,1.756038,1.75366,1.749821,1.745707,1.744136,1.743245,1.748592,1.750538,1.747838,1.750908,1.753726,1.751177,1.74852,1.743985,1.746693,1.746967,1.750074,1.751414,1.751212,1.754389,1.759966,1.76029,1.754853,1.753181,1.756356,1.761289,1.757168,1.753651,1.754163,1.757259,1.75808,1.763386,1.764111,1.765225,1.767092,1.766312,1.764052,1.766019,1.767751,1.766984,1.765956,1.77028,1.769324,1.772022,1.768397,1.763891,1.763472,1.76288,1.761762,1.770508,1.774465,1.766471,1.766085,1.767028,1.775596,1.770313,1.772487,1.770682,1.776079,1.772578,1.77893,1.783144,1.783519,1.781246,1.780563,1.788013,1.788748,1.791823,1.796857,1.79464,1.788162,1.783677,1.78449,1.783114,1.786116,1.787243,1.787929,1.788098,1.780577,1.780667,1.780091,1.789058,1.787385,1.78554,1.781424,1.776292,1.783979,1.787287,1.788625,1.782299,1.782297,1.781017,1.783249,1.784891,1.787695,1.790796,1.788344,1.785663,1.784344,1.78273,1.78226,1.784717,1.782251,1.781101,1.77998,1.777258,1.768126,1.773018,1.775892,1.774422,1.781497,1.779169,1.778119,1.777815,1.77473,1.774127,1.772538,1.765028,1.761779,1.763821,1.760518,1.762022,1.761069,1.766017,1.768151,1.771991,1.77964,1.780629,1.781505,1.778427,1.781572,1.77524,1.782613,1.780562,1.775365,1.774127,1.770379,1.774305,1.782338,1.782941,1.795974,1.790394,1.790632,1.79596,1.782837,1.779055,1.778567,1.777792,1.779099,1.778781,1.78014,1.7819,1.778551,1.773064,1.762753,1.763478,1.768301,1.767436,1.770044,1.77477,1.775744,1.767071,1.771604,1.763155,1.76408,1.76557,1.762933,1.763049,1.761535,1.76516,1.76026,1.75977,1.767099,1.763967,1.764091,1.763434,1.760941,1.765031,1.769216,1.764723,1.767538,1.76996,1.776783,1.777118,1.774576,1.775994,1.777156,1.767609,1.762935,1.776289,1.778624,1.775822,1.778231,1.783396,1.780777,1.779875,1.775927,1.779207,1.769707,1.76319,1.765584,1.778027,1.779738,1.779359,1.780554,1.773172,1.780905,1.782217,1.777797,1.788338,1.787475,1.792989,1.790066,1.787531,1.784259,1.78295,1.775863,1.770807,1.775199,1.771257,1.773203,1.770612,1.77576,1.771678,1.778109,1.780878,1.77973,1.777301,1.777177,1.777865,1.780055,1.772542,1.774487,1.770134,1.772032,1.775484,1.769988,1.776108,1.775557,1.785152,1.794279,1.790645,1.78759,1.786181,1.785377,1.779723,1.78087,1.784564,1.785243,1.786314,1.788255,1.793969,1.791559,1.791929,1.789378,1.791603,1.789279,1.785223,1.783321,1.782475,1.784325,1.781746,1.773127,1.774438,1.77216,1.763141,1.761945,1.761466,1.764273,1.769409,1.775742,1.769999,1.772345,1.775528,1.777326,1.775971,1.77254,1.767289,1.768188,1.76438,1.772171,1.766156,1.771052,1.771543,1.77566,1.779042,1.772697,1.772765,1.771268,1.783075,1.783001,1.775484,1.77073,1.764857,1.761243,1.767495,1.77315,1.771809,1.77635,1.780782,1.779795,1.779857,1.780421,1.775866,1.777547,1.774982,1.782709,1.782145,1.781364,1.779799,1.774065,1.768285,1.776145,1.781679,1.779581,1.787449,1.787003,1.783927,1.783741,1.788455,1.789442,1.787725,1.788313,1.782504,1.787686,1.783236,1.789368,1.792361,1.792368,1.792595,1.786755,1.788046,1.791302,1.785494,1.785478,1.790774,1.792917,1.782228,1.79058,1.793817,1.795038,1.799616,1.797454,1.792104,1.79449,1.793126,1.793797,1.793301,1.787052,1.788016,1.784087,1.7906,1.786585,1.790358,1.789725,1.792942,1.798298,1.794111,1.794965,1.792193,1.793209,1.798656,1.802532,1.801618,1.798515,1.805466,1.803034,1.798316,1.798163,1.792707,1.793505,1.794647,1.793293,1.79802,1.791713,1.793626,1.796544,1.794837,1.797187,1.795197,1.788135,1.789587,1.788702,1.789889,1.782917,1.788537,1.781444,1.784665,1.786787,1.779669,1.776444,1.775663,1.772354,1.768695,1.768816,1.771895,1.77707,1.77827,1.77334,1.769922,1.765192,1.765164,1.769286,1.769769,1.770241,1.774892,1.777513,1.77633,1.775066,1.781698,1.782395,1.789074,1.791676,1.787402,1.787414,1.789221,1.792617,1.78613,1.77763,1.7757,1.783831,1.786172,1.783601,1.782174,1.774895,1.780416,1.778453,1.773452,1.771695,1.767802,1.766629,1.77701,1.777459,1.778607,1.779776,1.777638,1.783712,1.785508,1.786515,1.781908,1.788739
a3,1.75,1.752628,1.749981,1.744735,1.745112,1.741769,1.736581,1.736096,1.734991,1.742062,1.748658,1.753433,1.755702,1.751327,1.748662,1.754195,1.755867,1.757268,1.761959,1.760251,1.757306,1.760727,1.763641,1.760222,1.756991,1.753412,1.742314,1.747602,1.75141,1.752956,1.751402,1.749831,1.746148,1.741306,1.743007,1.744226,1.747477,1.749342,1.746888,1.751268,1.750907,1.754697,1.759642,1.762807,1.75745,1.763169,1.763973,1.761109,1.762211,1.759577,1.760857,1.756479,1.759299,1.757072,1.751957,1.748921,1.748889,1.740686,1.747629,1.751049,1.749099,1.756726,1.75626,1.76502,1.765536,1.769677,1.773883,1.774495,1.772242,1.771167,1.770434,1.767011,1.763144,1.769165,1.76811,1.764022,1.755986,1.756355,1.755534,1.75209,1.757577,1.760172,1.76036,1.757881,1.754523,1.755817,1.75673,1.75453,1.756437,1.745631,1.750542,1.75325,1.758235,1.758594,1.757857,1.752831,1.752765,1.752925,1.752631,1.748429,1.755307,1.758666,1.760123,1.754703,1.756808,1.757456,1.759524,1.759853,1.754515,1.755792,1.764631,1.76728,1.759744,1.757288,1.756665,1.762025,1.763765,1.772017,1.770992,1.774131,1.770609,1.758581,1.761318,1.754346,1.758632,1.757145,1.763361,1.762478,1.76291,1.767262,1.767906,1.767499,1.771006,1.768488,1.76319,1.760683,1.764756,1.765165,1.768059,1.768476,1.772288,1.770639,1.767615,1.765214,1.768993,1.765659,1.770808,1.766966,1.759085,1.760427,1.756353,1.750369,1.745801,1.750612,1.751505,1.755275,1.755163,1.766901,1.769395,1.770539,1.768022,1.772938,1.775995,1.772245,1.770236,1.763809,1.755443,1.753085,1.755053,1.750745,1.757335,1.752274,1.747001,1.753059,1.756455,1.757139,1.751278,1.753666,1.754349,1.752366,1.753005,1.753999,1.757362,1.761449,1.754813,1.747601,1.744072,1.747253,1.741282,1.733888,1.739991,1.738423,1.73801,1.742263,1.741502,1.740857,1.742591,1.743898,1.746925,1.750874,1.754204,1.7539,1.751721,1.759221,1.755189,1.755952,1.756217,1.756531,1.757186,1.751166,1.751934,1.756721,1.751744,1.75576,1.754739,1.756537,1.756435,1.75078,1.747702,1.750559,1.746009,1.742142,1.74991,1.74654,1.751403,1.742606,1.738636,1.733624,1.72931,1.731663,1.731237,1.733996,1.730355,1.732346,1.727747,1.731704,1.736544,1.734353,1.744537,1.74532,1.743868,1.741973,1.739325,1.737932,1.743137,1.742691,1.733845,1.73582,1.735054,1.731233,1.7367,1.738766,1.734947,1.735662,1.728724,1.730981,1.736427,1.734139,1.728984,1.730762,1.728263,1.729551,1.735339,1.73744,1.740406,1.74483,1.744694,1.737917,1.734918,1.733354,1.733221,1.7348,1.73763,1.735379,1.733522,1.734732,1.732986,1.741218,1.741903,1.739913,1.745408,1.74686,1.751219,1.747406,1.739788,1.743125,1.742001,1.737532,1.738287,1.744637,1.741808,1.745212,1.742154,1.742473,1.747045,1.753942,1.751639,1.749792,1.741094,1.739203,1.731375,1.733062,1.728095,1.725621,1.733207,1.736321,1.73645,1.736627,1.740319,1.741991,1.743816,1.746512,1.750921,1.751218,1.75409,1.760899,1.760895,1.763429,1.766368,1.761956,1.763117,1.770455,1.768635,1.768939,1.765071,1.760569,1.766736,1.762676,1.764295,1.761552,1.766921,1.771626,1.767933,1.764801,1.75803,1.754942,1.757518,1.757007,1.753871,1.751218,1.745347,1.749895,1.750149,1.75333,1.750995,1.754967,1.754695,1.750739,1.748141,1.741565,1.740548,1.748796,1.743825,1.742409,1.747262,1.748254,1.743428,1.747876,1.7472,1.745423,1.74351,1.744392,1.741986,1.740941,1.741734,1.74564,1.742321,1.744897,1.741453,1.731853,1.731133,1.724992,1.724546,1.722214,1.726129,1.723709,1.729006,1.729845,1.736228,1.740957,1.73694,1.743097,1.741123,1.741686,1.737015,1.741078,1.744441,1.742439,1.743431,1.742818,1.745928,1.75055,1.747133,1.744584,1.744776,1.738846,1.741212,1.740284,1.741954,1.72964,1.73361,1.742374,1.744211,1.73896,1.738644,1.73828,1.742498,1.739183,1.737399,1.738667,1.73658,1.738971,1.74502,1.742075,1.744579,1.738095,1.732975,1.73195,1.732591,1.732646,1.737698,1.736463,1.736026,1.737048,1.739072,1.743978,1.740283,1.7361,1.729583,1.73087,1.734624,1.742145,1.740641,1.738955,1.736553,1.743066,1.745644,1.746604,1.746178,1.746233,1.74103,1.741304,1.746237,1.748074,1.743566,1.741917,1.753519,1.752168,1.7472,1.737914,1.740379,1.744853,1.745418,1.746383,1.746198,1.750945,1.750054,1.750768,1.747652,1.74548,1.752104,1.743747,1.749452,1.750836,1.7505,1.746257,1.742698,1.749085,1.742818,1.742455,1.74586,1.752448,1.742464,1.740037,1.736167,1.733632,1.735293,1.734407,1.736364,1.725754,1.730428,1.734005,1.728626,1.734523,1.731692,1.73441,1.725903,1.726479,1.73037,1.73482,1.732638,1.73004,1.724332,1.730514,1.730702,1.730824,1.728203,1.738465,1.72944,1.732936,1.727603,1.734607,1.737008,1.737315,1.734761,1.733445,1.733284,1.732622,1.736272,1.738794,1.741382,1.737193,1.745074,1.749002,1.75033,1.74534,1.74659,1.748845,1.746432,1.740943,1.738072,1.738497,1.735738,1.743109,1.73996,1.738832,1.742898,1.745946,1.746605,1.748938,1.747031,1.743144,1.743466,1.741227,1.740749,1.736904,1.733108,1.732871,1.735631,1.738684,1.745919,1.737929,1.74055,1.738394,1.74371,1.745294,1.74479,1.740639,1.739623,1.739706,1.743216,1.743029,1.747921,1.75267,1.750708,1.745373,1.746019,1.744201,1.75429,1.757483,1.752157,1.752488,1.746626,1.748841,1.751967,1.743496,1.743338,1.741969,1.743105,1.735911,1.739037,1.735571,1.734442,1.738913,1.742257,1.743529,1.73796,1.745919,1.747986,1.751247,1.74803,1.751034,1.75362,1.753908,1.754406,1.746352,1.753194,1.75617,1.758429,1.755846,1.756415,1.755772,1.752501,1.749824,1.746283,1.744622,1.741739,1.745798,1.743241,1.743778,1.745446
