,0,1,2,3,4,5,6,7,8,9,10,11,12,13,14,15,16,17,18,19,20,21,22,23,24,25,26,27,28,29,30,31,32,33,34,35,36,37,38,39,40,41,42,43,44,45,46,47,48,49,50,51,52,53,54,55,56,57,58,59,60,61,62,63,64,65,66,67,68,69,70,71,72,73,74,75,76,77,78,79,80,81,82,83,84,85,86,87,88,89,90,91,92,93,94,95,96,97,98,99,100,101,102,103,104,105,106,107,108,109,110,111,112,113,114,115,116,117,118,119,120,121,122,123,124,125,126,127,128,129,130,131,132,133,134,135,136,137,138,139,140,141,142,143,144,145,146,147,148,149,150,151,152,153,154,155,156,157,158,159,160,161,162,163,164,165,166,167,168,169,170,171,172,173,174,175,176,177,178,179,180,181,182,183,184,185,186,187,188,189,190,191,192,193,194,195,196,197,198,199,200,201,202,203,204,205,206,207,208,209,210,211,212,213,214,215,216,217,218,219,220,221,222,223,224,225,226,227,228,229,230,231,232,233,234,235,236,237,238,239,240,241,242,243,244,245,246,247,248,249,250,251,252,253,254,255,256,257,258,259,260,261,262,263,264,265,266,267,268,269,270,271,272,273,274,275,276,277,278,279,280,281,282,283,284,285,286,287,288,289,290,291,292,293,294,295,296,297,298,299,300,301,302,303,304,305,306,307,308,309,310,311,312,313,314,315,316,317,318,319,320,321,322,323,324,325,326,327,328,329,330,331,332,333,334,335,336,337,338,339,340,341,342,343,344,345,346,347,348,349,350,351,352,353,354,355,356,357,358,359,360,361,362,363,364,365,366,367,368,369,370,371,372,373,374,375,376,377,378,379,380,381,382,383,384,385,386,387,388,389,390,391,392,393,394,395,396,397,398,399,400,401,402,403,404,405,406,407,408,409,410,411,412,413,414,415,416,417,418,419,420,421,422,423,424,425,426,427,428,429,430,431,432,433,434,435,436,437,438,439,440,441,442,443,444,445,446,447,448,449,450,451,452,453,454,455,456,457,458,459,460,461,462,463,464,465,466,467,468,469,470,471,472,473,474,475,476,477,478,479,480,481,482,483,484,485,486,487,488,489,490,491,492,493,494,495,496,497,498,499,500,501,502,503,504,505,506,507,508,509,510,511,512,513,514,515,516,517,518,519,520,521,522,523,524,525,526,527,528,529,530,531,532,533,534,535,536,537,538,539,540,541,542,543,544,545,546,547,548,549,550,551,552,553,554,555,556,557,558,559,560,561,562,563,564,565,566,567,568,569,570,571,572,573,574,575,576,577,578,579,580,581,582,583,584,585,586,587,588,589,590,591,592,593,594,595,596,597,598,599,600
Time,0.0,1.0,2.0,3.0,4.0,5.0,6.0,7.0,8.0,9.0,10.0,11.0,12.0,13.0,14.0,15.0,16.0,17.0,18.0,19.0,20.0,21.0,22.0,23.0,24.0,25.0,26.0,27.0,28.0,29.0,30.0,31.0,32.0,33.0,34.0,35.0,36.0,37.0,38.0,39.0,40.0,41.0,42.0,43.0,44.0,45.0,46.0,47.0,48.0,49.0,50.0,51.0,52.0,53.0,54.0,55.0,56.0,57.0,58.0,59.0,60.0,61.0,62.0,63.0,64.0,65.0,66.0,67.0,68.0,69.0,70.0,71.0,72.0,73.0,74.0,75.0,76.0,77.0,78.0,79.0,80.0,81.0,82.0,83.0,84.0,85.0,86.0,87.0,88.0,89.0,90.0,91.0,92.0,93.0,94.0,95.0,96.0,97.0,98.0,99.0,100.0,101.0,102.0,103.0,104.0,105.0,106.0,107.0,108.0,109.0,110.0,111.0,112.0,113.0,114.0,115.0,116.0,117.0,118.0,119.0,120.0,121.0,122.0,123.0,124.0,125.0,126.0,127.0,128.0,129.0,130.0,131.0,132.0,133.0,134.0,135.0,136.0,137.0,138.0,139.0,140.0,141.0,142.0,143.0,144.0,145.0,146.0,147.0,148.0,149.0,150.0,151.0,152.0,153.0,154.0,155.0,156.0,157.0,158.0,159.0,160.0,161.0,162.0,163.0,164.0,165.0,166.0,167.0,168.0,169.0,170.0,171.0,172.0,173.0,174.0,175.0,176.0,177.0,178.0,179.0,180.0,181.0,182.0,183.0,184.0,185.0,186.0,187.0,188.0,189.0,190.0,191.0,192.0,193.0,194.0,195.0,196.0,197.0,198.0,199.0,200.0,201.0,202.0,203.0,204.0,205.0,206.0,207.0,208.0,209.0,210.0,211.0,212.0,213.0,214.0,215.0,216.0,217.0,218.0,219.0,220.0,221.0,222.0,223.0,224.0,225.0,226.0,227.0,228.0,229.0,230.0,231.0,232.0,233.0,234.0,235.0,236.0,237.0,238.0,239.0,240.0,241.0,242.0,243.0,244.0,245.0,246.0,247.0,248.0,249.0,250.0,251.0,252.0,253.0,254.0,255.0,256.0,257.0,258.0,259.0,260.0,261.0,262.0,263.0,264.0,265.0,266.0,267.0,268.0,269.0,270.0,271.0,272.0,273.0,274.0,275.0,276.0,277.0,278.0,279.0,280.0,281.0,282.0,283.0,284.0,285.0,286.0,287.0,288.0,289.0,290.0,291.0,292.0,293.0,294.0,295.0,296.0,297.0,298.0,299.0,300.0,301.0,302.0,303.0,304.0,305.0,306.0,307.0,308.0,309.0,310.0,311.0,312.0,313.0,314.0,315.0,316.0,317.0,318.0,319.0,320.0,321.0,322.0,323.0,324.0,325.0,326.0,327.0,328.0,329.0,330.0,331.0,332.0,333.0,334.0,335.0,336.0,337.0,338.0,339.0,340.0,341.0,342.0,343.0,344.0,345.0,346.0,347.0,348.0,349.0,350.0,351.0,352.0,353.0,354.0,355.0,356.0,357.0,358.0,359.0,360.0,361.0,362.0,363.0,364.0,365.0,366.0,367.0,368.0,369.0,370.0,371.0,372.0,373.0,374.0,375.0,376.0,377.0,378.0,379.0,380.0,381.0,382.0,383.0,384.0,385.0,386.0,387.0,388.0,389.0,390.0,391.0,392.0,393.0,394.0,395.0,396.0,397.0,398.0,399.0,400.0,401.0,402.0,403.0,404.0,405.0,406.0,407.0,408.0,409.0,410.0,411.0,412.0,413.0,414.0,415.0,416.0,417.0,418.0,419.0,420.0,421.0,422.0,423.0,424.0,425.0,426.0,427.0,428.0,429.0,430.0,431.0,432.0,433.0,434.0,435.0,436.0,437.0,438.0,439.0,440.0,441.0,442.0,443.0,444.0,445.0,446.0,447.0,448.0,449.0,450.0,451.0,452.0,453.0,454.0,455.0,456.0,457.0,458.0,459.0,460.0,461.0,462.0,463.0,464.0,465.0,466.0,467.0,468.0,469.0,470.0,471.0,472.0,473.0,474.0,475.0,476.0,477.0,478.0,479.0,480.0,481.0,482.0,483.0,484.0,485.0,486.0,487.0,488.0,489.0,490.0,491.0,492.0,493.0,494.0,495.0,496.0,497.0,498.0,499.0,500.0,501.0,502.0,503.0,504.0,505.0,506.0,507.0,508.0,509.0,510.0,511.0,512.0,513.0,514.0,515.0,516.0,517.0,518.0,519.0,520.0,521.0,522.0,523.0,524.0,525.0,526.0,527.0,528.0,529.0,530.0,531.0,532.0,533.0,534.0,535.0,536.0,537.0,538.0,539.0,540.0,541.0,542.0,543.0,544.0,545.0,546.0,547.0,548.0,549.0,550.0,551.0,552.0,553.0,554.0,555.0,556.0,557.0,558.0,559.0,560.0,561.0,562.0,563.0,564.0,565.0,566.0,567.0,568.0,569.0,570.0,571.0,572.0,573.0,574.0,575.0,576.0,577.0,578.0,579.0,580.0,581.0,582.0,583.0,584.0,585.0,586.0,587.0,588.0,589.0,590.0,591.0,592.0,593.0,594.0,595.0,596.0,597.0,598.0,599.0,600.0
a1,0.75,0.752665,0.753942,0.756264,0.755433,0.755124,0.751351,0.751806,0.751522,0.749315,0.747335,0.746559,0.739946,0.739042,0.738119,0.735741,0.736264,0.734246,0.736224,0.738458,0.740715,0.740323,0.742551,0.743661,0.743687,0.746672,0.745423,0.744195,0.741016,0.743132,0.743638,0.742883,0.742758,0.741794,0.741781,0.74258,0.743192,0.741302,0.740974,0.742271,0.742119,0.742388,0.743126,0.743746,0.743659,0.743124,0.74204,0.74226,0.7418,0.740494,0.740179,0.740714,0.742379,0.742381,0.740499,0.742005,0.740564,0.738929,0.736815,0.734136,0.732149,0.731198,0.730099,0.728454,0.728897,0.732865,0.736541,0.737016,0.737967,0.739404,0.740087,0.740602,0.73979,0.740192,0.740933,0.740948,0.741697,0.742301,0.742803,0.743069,0.741427,0.740371,0.739789,0.740886,0.740742,0.73971,0.739203,0.738942,0.737598,0.736414,0.735789,0.736128,0.736368,0.736091,0.736621,0.735789,0.735535,0.736677,0.73475,0.733266,0.731772,0.73131,0.731379,0.730617,0.72983,0.728731,0.728213,0.727453,0.726977,0.727578,0.728056,0.728621,0.72801,0.729789,0.731305,0.731838,0.731065,0.728676,0.728358,0.726181,0.727276,0.728938,0.728215,0.726975,0.727694,0.728137,0.727707,0.72785,0.725068,0.723012,0.721529,0.719733,0.717453,0.715481,0.712593,0.710377,0.708397,0.706718,0.704476,0.702463,0.702351,0.70053,0.701383,0.699515,0.697333,0.695385,0.691325,0.687161,0.682859,0.680782,0.677833,0.67757,0.675303,0.67159,0.669906,0.666637,0.665637,0.6646,0.664692,0.664176,0.661272,0.65864,0.658039,0.65573,0.65411,0.651549,0.64963,0.647226,0.645161,0.643122,0.639753,0.637696,0.635672,0.634802,0.632605,0.630057,0.628753,0.627741,0.626288,0.6247,0.622849,0.621614,0.620404,0.619442,0.616988,0.615009,0.614721,0.612806,0.611241,0.609042,0.608142,0.607587,0.605806,0.604237,0.602806,0.600607,0.599242,0.598558,0.597508,0.595883,0.594541,0.592856,0.590928,0.589087,0.588749,0.588124,0.586492,0.585675,0.583697,0.582965,0.581793,0.580411,0.579429,0.578749,0.577391,0.575588,0.574559,0.574812,0.573414,0.572821,0.571957,0.570277,0.569292,0.567746,0.565951,0.565361,0.563492,0.561792,0.560413,0.559183,0.55725,0.555734,0.554326,0.553981,0.552947,0.551526,0.55016,0.549468,0.54801,0.545817,0.544616,0.54307,0.541623,0.539745,0.538971,0.537002,0.53642,0.53513,0.533924,0.532386,0.53188,0.531512,0.529111,0.529315,0.526969,0.524426,0.524275,0.523144,0.522823,0.522082,0.521022,0.519316,0.518288,0.5163,0.515055,0.512965,0.51148,0.511042,0.510225,0.510426,0.509905,0.508433,0.506983,0.506423,0.504917,0.504383,0.50298,0.501552,0.500717,0.49932,0.49784,0.49664,0.495902,0.493669,0.492312,0.490398,0.489133,0.488141,0.487709,0.487403,0.486636,0.484762,0.484329,0.483564,0.481529,0.480818,0.480761,0.479792,0.478349,0.477784,0.477483,0.477177,0.47502,0.47331,0.472476,0.47128,0.469418,0.470035,0.470561,0.470158,0.467251,0.46459,0.465434,0.464939,0.464046,0.463758,0.46327,0.462545,0.460622,0.459488,0.458752,0.458783,0.457227,0.456503,0.455119,0.454892,0.454325,0.453396,0.451966,0.450976,0.449893,0.449795,0.448214,0.447259,0.446988,0.44702,0.446321,0.444626,0.444166,0.444068,0.442344,0.441598,0.439921,0.440937,0.441024,0.440274,0.439179,0.438331,0.436382,0.435999,0.435169,0.433935,0.433391,0.431532,0.432258,0.430356,0.430013,0.428279,0.428241,0.428094,0.428062,0.427261,0.425445,0.423676,0.422405,0.423434,0.423261,0.421629,0.421418,0.420508,0.419653,0.418341,0.418052,0.417358,0.417164,0.41624,0.416011,0.416589,0.414563,0.413566,0.412015,0.411096,0.411582,0.411752,0.41127,0.410217,0.406866,0.406276,0.405473,0.407943,0.405426,0.406408,0.406016,0.405293,0.404049,0.403933,0.402409,0.401422,0.401574,0.402067,0.401253,0.39988,0.39873,0.397755,0.39589,0.395202,0.394957,0.395712,0.394019,0.392941,0.393436,0.394102,0.392741,0.392031,0.391512,0.392015,0.393279,0.392187,0.390123,0.389684,0.386792,0.384354,0.384459,0.385375,0.385598,0.384969,0.387117,0.386177,0.383982,0.384613,0.384112,0.383148,0.382302,0.380201,0.379137,0.378464,0.376815,0.377383,0.378175,0.378296,0.377138,0.375208,0.374838,0.377323,0.378439,0.376733,0.376723,0.373697,0.374268,0.374745,0.374005,0.372366,0.37368,0.371006,0.370695,0.370026,0.36873,0.36966,0.366839,0.367167,0.366378,0.369995,0.368078,0.36694,0.3664,0.367689,0.3619,0.364206,0.362145,0.36599,0.362329,0.362856,0.362055,0.362289,0.360293,0.360847,0.359218,0.357808,0.357044,0.358792,0.359735,0.357092,0.355469,0.356829,0.356768,0.356408,0.35493,0.354965,0.353961,0.355087,0.35169,0.351004,0.351427,0.349687,0.350875,0.352077,0.350424,0.351868,0.351465,0.348291,0.346248,0.346116,0.348785,0.349214,0.350761,0.347613,0.346349,0.346417,0.347703,0.347171,0.344579,0.347089,0.347813,0.347772,0.346104,0.340222,0.341148,0.34321,0.342474,0.34599,0.343961,0.341247,0.341445,0.340869,0.339537,0.339491,0.338131,0.339019,0.339443,0.338867,0.339722,0.339191,0.337242,0.33769,0.337355,0.33564,0.338388,0.33809,0.338956,0.334891,0.335345,0.334396,0.33611,0.336432,0.332404,0.333675,0.333323,0.332136,0.331022,0.333416,0.334608,0.33353,0.334815,0.335495,0.332376,0.329065,0.326758,0.328891,0.330485,0.32794,0.327,0.326849,0.324979,0.328362,0.329645,0.329832,0.329474,0.325928,0.325498,0.326224,0.327115,0.323508,0.32488,0.323943,0.323448,0.321246,0.317817,0.318928,0.317187,0.316874,0.31976,0.316753,0.313842,0.317623,0.315608,0.317079,0.315659,0.320486,0.320225,0.317949,0.316738,0.313544,0.315277,0.317156,0.316256,0.315939,0.317028,0.314081,0.313422,0.315294,0.31577
a2,0.75,0.750002,0.751232,0.747868,0.746487,0.744745,0.749894,0.750903,0.752894,0.753144,0.754046,0.752699,0.754675,0.758214,0.758808,0.75796,0.75792,0.757633,0.755841,0.754777,0.75351,0.751951,0.74939,0.748486,0.746504,0.745466,0.746972,0.750718,0.752627,0.751648,0.749994,0.748457,0.750291,0.74986,0.748538,0.747496,0.747202,0.747654,0.746475,0.745915,0.745976,0.745964,0.745952,0.746509,0.747138,0.747004,0.746771,0.74595,0.745962,0.748017,0.748548,0.749083,0.75006,0.749512,0.749328,0.748654,0.748891,0.74898,0.75053,0.752858,0.753959,0.753576,0.754075,0.755265,0.758844,0.757511,0.755615,0.750796,0.747902,0.742528,0.739271,0.737898,0.73704,0.736702,0.737091,0.737376,0.738664,0.740445,0.743703,0.747429,0.750412,0.753076,0.754257,0.753926,0.755349,0.7574,0.759159,0.759158,0.762439,0.763645,0.764491,0.763945,0.764104,0.765754,0.766538,0.770999,0.773682,0.772437,0.775535,0.778427,0.781514,0.783302,0.783497,0.784092,0.785036,0.783792,0.78393,0.786379,0.790696,0.795122,0.797669,0.799944,0.802197,0.802552,0.804027,0.805872,0.811047,0.817609,0.82148,0.827509,0.829843,0.829754,0.834743,0.838934,0.839039,0.842793,0.849803,0.851547,0.858088,0.862203,0.865046,0.869155,0.876513,0.879014,0.881613,0.88534,0.88923,0.892573,0.896219,0.901225,0.905047,0.908891,0.911462,0.917242,0.921998,0.926346,0.932848,0.941557,0.946172,0.950219,0.953554,0.952941,0.956594,0.963105,0.965268,0.973773,0.976461,0.978803,0.982091,0.984168,0.990645,0.998235,0.999719,1.004605,1.009833,1.015792,1.019907,1.025911,1.028855,1.032332,1.040268,1.045442,1.05054,1.052384,1.057798,1.064797,1.068529,1.0731,1.078135,1.082648,1.089035,1.093557,1.097462,1.100935,1.108958,1.115938,1.116623,1.123891,1.129348,1.136436,1.138607,1.142055,1.148859,1.155257,1.159793,1.167387,1.1737,1.17779,1.182291,1.188128,1.192907,1.199637,1.207995,1.214003,1.215668,1.221036,1.2254,1.22876,1.236695,1.240162,1.246534,1.252135,1.256636,1.257967,1.263479,1.271666,1.275484,1.278435,1.287056,1.2891,1.293178,1.299974,1.302656,1.31049,1.318504,1.321747,1.331692,1.339524,1.345715,1.352477,1.36217,1.367928,1.373369,1.37633,1.383879,1.392053,1.399043,1.403234,1.410364,1.419342,1.424349,1.429994,1.438225,1.445143,1.451565,1.459991,1.464004,1.474174,1.480815,1.488134,1.494049,1.499138,1.510282,1.511753,1.522022,1.533517,1.535539,1.543916,1.54824,1.552995,1.558468,1.566617,1.575071,1.583447,1.588842,1.596193,1.604928,1.610669,1.615895,1.619409,1.624438,1.635355,1.642594,1.647569,1.654779,1.659119,1.67096,1.679342,1.685718,1.692138,1.698806,1.704849,1.712384,1.723562,1.731486,1.736832,1.743234,1.752028,1.763199,1.770601,1.775299,1.784782,1.79231,1.801101,1.812211,1.816936,1.824285,1.828034,1.837453,1.844354,1.850533,1.854524,1.864362,1.878247,1.886383,1.89232,1.900753,1.905262,1.912628,1.920692,1.930391,1.940146,1.939614,1.949407,1.958018,1.964377,1.97323,1.977737,1.988597,1.997905,2.001963,2.004985,2.015172,2.022574,2.028908,2.037492,2.046146,2.052857,2.060796,2.069465,2.076899,2.085755,2.093956,2.099482,2.11164,2.118316,2.123359,2.130803,2.137383,2.145917,2.151616,2.161958,2.171662,2.175318,2.182548,2.191118,2.1976,2.204978,2.213244,2.22067,2.232548,2.23874,2.244246,2.252975,2.259254,2.268672,2.275491,2.285721,2.293099,2.303465,2.31177,2.316282,2.324048,2.332082,2.342622,2.351743,2.360287,2.36885,2.378921,2.386348,2.397259,2.402328,2.411934,2.418834,2.430427,2.437313,2.441229,2.446469,2.456296,2.464945,2.472893,2.481722,2.492512,2.50563,2.511126,2.520446,2.525881,2.535204,2.545996,2.550602,2.554995,2.559823,2.565887,2.57476,2.58356,2.590802,2.598047,2.607024,2.612219,2.620674,2.627174,2.631846,2.645292,2.659074,2.668587,2.677546,2.685922,2.690702,2.696072,2.706105,2.717544,2.72466,2.732538,2.741505,2.746325,2.753768,2.761838,2.769032,2.772721,2.781743,2.792325,2.802507,2.816358,2.823317,2.825152,2.833293,2.842211,2.849938,2.859055,2.864524,2.8709,2.880926,2.889954,2.900066,2.903645,2.912097,2.916539,2.921906,2.931494,2.939061,2.94677,2.956256,2.965383,2.970142,2.979614,2.987037,2.992563,3.002352,3.010594,3.019951,3.02929,3.037255,3.043151,3.052281,3.056762,3.060199,3.065995,3.075453,3.084576,3.094296,3.102964,3.109915,3.11757,3.124531,3.133595,3.141371,3.154856,3.163455,3.171714,3.179044,3.186319,3.201468,3.213498,3.221015,3.231934,3.241811,3.248874,3.257452,3.260411,3.266026,3.273377,3.277508,3.285501,3.291637,3.297956,3.307629,3.315875,3.325824,3.335998,3.344405,3.34887,3.359192,3.365632,3.374942,3.379377,3.387203,3.390951,3.397385,3.402559,3.413594,3.423131,3.432861,3.440372,3.450336,3.457515,3.468562,3.473958,3.482051,3.49077,3.501527,3.508084,3.518158,3.524951,3.534256,3.540813,3.551807,3.556921,3.560292,3.56995,3.576582,3.584271,3.59375,3.604159,3.615058,3.622191,3.631156,3.636477,3.644607,3.648947,3.660839,3.671847,3.686322,3.694948,3.703262,3.70975,3.718768,3.73015,3.736988,3.744352,3.751388,3.760305,3.769421,3.781705,3.787515,3.795249,3.801464,3.81004,3.815512,3.824141,3.831668,3.839263,3.84621,3.853649,3.858315,3.866747,3.872554,3.880829,3.88805,3.900668,3.909223,3.91744,3.927335,3.933004,3.942754,3.948857,3.954372,3.958242,3.965146,3.971378,3.980876,3.99036,4.001211,4.010525,4.019839,4.029531,4.039868,4.047772,4.054417,4.060601,4.071522,4.07985,4.086916,4.093072,4.105304,4.112568,4.118234,4.127611,4.136631,4.145929,4.152103,4.161086,4.169864,4.180873,4.190116,4.196999,4.206209,4.214001,4.224555,4.233984,4.242958,4.248503
a3,0.75,0.747342,0.744856,0.745909,0.74811,0.750168,0.748758,0.747298,0.745604,0.747552,0.748635,0.750756,0.755481,0.752874,0.753226,0.756506,0.756009,0.758374,0.75813,0.756902,0.755864,0.757833,0.758141,0.757924,0.759909,0.757924,0.757664,0.755127,0.756443,0.755272,0.756423,0.758746,0.757019,0.758438,0.759791,0.760032,0.759705,0.761181,0.76272,0.76196,0.762054,0.76179,0.761046,0.759844,0.759293,0.759976,0.761323,0.761936,0.762395,0.761641,0.761425,0.760333,0.757639,0.75819,0.760304,0.759444,0.760681,0.762274,0.762881,0.763298,0.764252,0.765636,0.76628,0.7668,0.76272,0.759925,0.75803,0.762404,0.764367,0.768403,0.771076,0.771974,0.773721,0.773656,0.772474,0.772159,0.770035,0.767557,0.763678,0.7596,0.758256,0.756651,0.75606,0.755273,0.753996,0.753004,0.751773,0.752041,0.750169,0.750188,0.749995,0.750185,0.749785,0.748451,0.747147,0.743664,0.741341,0.741385,0.74036,0.739102,0.737686,0.736467,0.736214,0.736422,0.736329,0.738611,0.739006,0.737475,0.733928,0.72924,0.726434,0.723806,0.72238,0.7203,0.717489,0.715324,0.71151,0.708115,0.705086,0.702047,0.699019,0.6975,0.694019,0.69173,0.69096,0.687464,0.682195,0.680665,0.678068,0.676751,0.675912,0.674397,0.67086,0.670795,0.671529,0.670787,0.669719,0.668797,0.668195,0.666388,0.663679,0.662591,0.659918,0.657511,0.656166,0.654916,0.65417,0.652046,0.652954,0.652157,0.652703,0.653377,0.653067,0.652237,0.652412,0.649885,0.64907,0.648527,0.646266,0.645404,0.644,0.641657,0.64129,0.640418,0.63868,0.637429,0.636732,0.635357,0.635567,0.635435,0.633908,0.632806,0.63174,0.631497,0.630446,0.628836,0.627939,0.626272,0.624793,0.62377,0.621955,0.620614,0.619612,0.618617,0.616584,0.614699,0.614609,0.612543,0.611144,0.609526,0.609263,0.607979,0.606154,0.604363,0.603428,0.601699,0.599825,0.598425,0.597195,0.59588,0.594833,0.593178,0.590995,0.589909,0.589438,0.587471,0.587007,0.58622,0.584432,0.58353,0.581716,0.580493,0.579394,0.579461,0.57829,0.576367,0.575671,0.574089,0.571634,0.571319,0.570377,0.569067,0.568877,0.567017,0.565357,0.564559,0.562202,0.560606,0.5594,0.557827,0.555779,0.55495,0.554155,0.553307,0.551318,0.549493,0.548105,0.547156,0.545838,0.544565,0.543847,0.543243,0.541576,0.540859,0.539239,0.538094,0.537201,0.534781,0.533585,0.532495,0.53089,0.529455,0.527933,0.527216,0.52599,0.524579,0.52404,0.522323,0.521184,0.520326,0.519553,0.518548,0.516788,0.516033,0.515524,0.515241,0.513925,0.512532,0.511692,0.510381,0.509321,0.507386,0.506594,0.505622,0.504922,0.504133,0.501958,0.500875,0.499812,0.499308,0.498827,0.49826,0.496806,0.495816,0.494908,0.49531,0.494768,0.493285,0.490594,0.48885,0.488324,0.487607,0.485993,0.484386,0.483451,0.482907,0.481019,0.481002,0.479979,0.478749,0.477451,0.47673,0.476367,0.474554,0.473341,0.473053,0.472823,0.471085,0.468746,0.467178,0.467723,0.468036,0.467315,0.465463,0.464308,0.463093,0.4615,0.461171,0.460566,0.459552,0.459357,0.458633,0.457868,0.456915,0.456874,0.455176,0.453817,0.45326,0.452943,0.452035,0.451501,0.449683,0.449501,0.449275,0.446959,0.445519,0.445156,0.445293,0.444381,0.442712,0.44326,0.441885,0.441588,0.43983,0.438286,0.437315,0.437113,0.436493,0.436805,0.435726,0.434235,0.434265,0.433744,0.433925,0.431992,0.4321,0.431149,0.430957,0.429608,0.427822,0.426317,0.426284,0.426673,0.426978,0.426337,0.423651,0.42229,0.422392,0.420814,0.420412,0.419352,0.419779,0.418396,0.417897,0.416097,0.415843,0.415403,0.413939,0.414297,0.41384,0.414062,0.413511,0.411235,0.408914,0.408496,0.40803,0.410506,0.40959,0.408662,0.405454,0.40727,0.405519,0.404952,0.404276,0.40414,0.403125,0.403524,0.403123,0.402169,0.40038,0.4002,0.400861,0.399973,0.398876,0.399326,0.398683,0.397686,0.396222,0.397132,0.396745,0.394578,0.392883,0.393108,0.392532,0.392362,0.390799,0.388405,0.388475,0.39001,0.389183,0.390607,0.391657,0.389624,0.38774,0.387264,0.386782,0.383429,0.383321,0.384282,0.38292,0.382567,0.382195,0.381844,0.382616,0.383217,0.382784,0.383874,0.382591,0.380541,0.379441,0.37961,0.380338,0.379541,0.376438,0.374135,0.374895,0.374213,0.376013,0.374412,0.372776,0.372362,0.37302,0.370989,0.372545,0.37231,0.372565,0.373168,0.371084,0.372832,0.371328,0.371088,0.366639,0.367644,0.367963,0.367439,0.365244,0.369501,0.366163,0.367289,0.362591,0.365419,0.363162,0.362603,0.361523,0.362297,0.360639,0.361487,0.361956,0.362401,0.360016,0.358266,0.360462,0.361227,0.359179,0.358553,0.357865,0.358462,0.357355,0.357275,0.355247,0.3582,0.357797,0.356682,0.357468,0.35579,0.353757,0.355033,0.352906,0.352774,0.354838,0.355937,0.355063,0.351577,0.350131,0.347864,0.349895,0.350627,0.349743,0.347579,0.347043,0.348999,0.345484,0.3441,0.343235,0.34425,0.349118,0.34767,0.345254,0.34506,0.34092,0.342195,0.344007,0.342814,0.342358,0.343024,0.342224,0.343098,0.341435,0.340604,0.340074,0.338201,0.337401,0.338558,0.33735,0.337095,0.337996,0.334227,0.333911,0.332402,0.335806,0.334556,0.334695,0.331905,0.33108,0.334408,0.33259,0.332192,0.332901,0.333268,0.330224,0.328398,0.328863,0.326969,0.325912,0.328253,0.331059,0.332685,0.329914,0.32726,0.329078,0.329332,0.328653,0.330068,0.32586,0.32409,0.323455,0.323489,0.32644,0.326358,0.324855,0.323199,0.325917,0.323787,0.323972,0.323687,0.325072,0.327937,0.326259,0.32755,0.326995,0.323382,0.325887,0.328415,0.323539,0.32503,0.323076,0.323793,0.318221,0.317765,0.319565,0.320093,0.322673,0.320055,0.317457,0.317838,0.31746,0.315785,0.317952,0.31791,0.315355,0.314468
