,0,1,2,3,4,5,6,7,8,9,10,11,12,13,14,15,16,17,18,19,20,21,22,23,24,25,26,27,28,29,30,31,32,33,34,35,36,37,38,39,40,41,42,43,44,45,46,47,48,49,50,51,52,53,54,55,56,57,58,59,60,61,62,63,64,65,66,67,68,69,70,71,72,73,74,75,76,77,78,79,80,81,82,83,84,85,86,87,88,89,90,91,92,93,94,95,96,97,98,99,100,101,102,103,104,105,106,107,108,109,110,111,112,113,114,115,116,117,118,119,120,121,122,123,124,125,126,127,128,129,130,131,132,133,134,135,136,137,138,139,140,141,142,143,144,145,146,147,148,149,150,151,152,153,154,155,156,157,158,159,160,161,162,163,164,165,166,167,168,169,170,171,172,173,174,175,176,177,178,179,180,181,182,183,184,185,186,187,188,189,190,191,192,193,194,195,196,197,198,199,200,201,202,203,204,205,206,207,208,209,210,211,212,213,214,215,216,217,218,219,220,221,222,223,224,225,226,227,228,229,230,231,232,233,234,235,236,237,238,239,240,241,242,243,244,245,246,247,248,249,250,251,252,253,254,255,256,257,258,259,260,261,262,263,264,265,266,267,268,269,270,271,272,273,274,275,276,277,278,279,280,281,282,283,284,285,286,287,288,289,290,291,292,293,294,295,296,297,298,299,300,301,302,303,304,305,306,307,308,309,310,311,312,313,314,315,316,317,318,319,320,321,322,323,324,325,326,327,328,329,330,331,332,333,334,335,336,337,338,339,340,341,342,343,344,345,346,347,348,349,350,351,352,353,354,355,356,357,358,359,360,361,362,363,364,365,366,367,368,369,370,371,372,373,374,375,376,377,378,379,380,381,382,383,384,385,386,387,388,389,390,391,392,393,394,395,396,397,398,399,400,401,402,403,404,405,406,407,408,409,410,411,412,413,414,415,416,417,418,419,420,421,422,423,424,425,426,427,428,429,430,431,432,433,434,435,436,437,438,439,440,441,442,443,444,445,446,447,448,449,450,451,452,453,454,455,456,457,458,459,460,461,462,463,464,465,466,467,468,469,470,471,472,473,474,475,476,477,478,479,480,481,482,483,484,485,486,487,488,489,490,491,492,493,494,495,496,497,498,499,500,501,502,503,504,505,506,507,508,509,510,511,512,513,514,515,516,517,518,519,520,521,522,523,524,525,526,527,528,529,530,531,532,533,534,535,536,537,538,539,540,541,542,543,544,545,546,547,548,549,550,551,552,553,554,555,556,557,558,559,560,561,562,563,564,565,566,567,568,569,570,571,572,573,574,575,576,577,578,579,580,581,582,583,584,585,586,587,588,589,590,591,592,593,594,595,596,597,598,599,600
Time,0.0,1.0,2.0,3.0,4.0,5.0,6.0,7.0,8.0,9.0,10.0,11.0,12.0,13.0,14.0,15.0,16.0,17.0,18.0,19.0,20.0,21.0,22.0,23.0,24.0,25.0,26.0,27.0,28.0,29.0,30.0,31.0,32.0,33.0,34.0,35.0,36.0,37.0,38.0,39.0,40.0,41.0,42.0,43.0,44.0,45.0,46.0,47.0,48.0,49.0,50.0,51.0,52.0,53.0,54.0,55.0,56.0,57.0,58.0,59.0,60.0,61.0,62.0,63.0,64.0,65.0,66.0,67.0,68.0,69.0,70.0,71.0,72.0,73.0,74.0,75.0,76.0,77.0,78.0,79.0,80.0,81.0,82.0,83.0,84.0,85.0,86.0,87.0,88.0,89.0,90.0,91.0,92.0,93.0,94.0,95.0,96.0,97.0,98.0,99.0,100.0,101.0,102.0,103.0,104.0,105.0,106.0,107.0,108.0,109.0,110.0,111.0,112.0,113.0,114.0,115.0,116.0,117.0,118.0,119.0,120.0,121.0,122.0,123.0,124.0,125.0,126.0,127.0,128.0,129.0,130.0,131.0,132.0,133.0,134.0,135.0,136.0,137.0,138.0,139.0,140.0,141.0,142.0,143.0,144.0,145.0,146.0,147.0,148.0,149.0,150.0,151.0,152.0,153.0,154.0,155.0,156.0,157.0,158.0,159.0,160.0,161.0,162.0,163.0,164.0,165.0,166.0,167.0,168.0,169.0,170.0,171.0,172.0,173.0,174.0,175.0,176.0,177.0,178.0,179.0,180.0,181.0,182.0,183.0,184.0,185.0,186.0,187.0,188.0,189.0,190.0,191.0,192.0,193.0,194.0,195.0,196.0,197.0,198.0,199.0,200.0,201.0,202.0,203.0,204.0,205.0,206.0,207.0,208.0,209.0,210.0,211.0,212.0,213.0,214.0,215.0,216.0,217.0,218.0,219.0,220.0,221.0,222.0,223.0,224.0,225.0,226.0,227.0,228.0,229.0,230.0,231.0,232.0,233.0,234.0,235.0,236.0,237.0,238.0,239.0,240.0,241.0,242.0,243.0,244.0,245.0,246.0,247.0,248.0,249.0,250.0,251.0,252.0,253.0,254.0,255.0,256.0,257.0,258.0,259.0,260.0,261.0,262.0,263.0,264.0,265.0,266.0,267.0,268.0,269.0,270.0,271.0,272.0,273.0,274.0,275.0,276.0,277.0,278.0,279.0,280.0,281.0,282.0,283.0,284.0,285.0,286.0,287.0,288.0,289.0,290.0,291.0,292.0,293.0,294.0,295.0,296.0,297.0,298.0,299.0,300.0,301.0,302.0,303.0,304.0,305.0,306.0,307.0,308.0,309.0,310.0,311.0,312.0,313.0,314.0,315.0,316.0,317.0,318.0,319.0,320.0,321.0,322.0,323.0,324.0,325.0,326.0,327.0,328.0,329.0,330.0,331.0,332.0,333.0,334.0,335.0,336.0,337.0,338.0,339.0,340.0,341.0,342.0,343.0,344.0,345.0,346.0,347.0,348.0,349.0,350.0,351.0,352.0,353.0,354.0,355.0,356.0,357.0,358.0,359.0,360.0,361.0,362.0,363.0,364.0,365.0,366.0,367.0,368.0,369.0,370.0,371.0,372.0,373.0,374.0,375.0,376.0,377.0,378.0,379.0,380.0,381.0,382.0,383.0,384.0,385.0,386.0,387.0,388.0,389.0,390.0,391.0,392.0,393.0,394.0,395.0,396.0,397.0,398.0,399.0,400.0,401.0,402.0,403.0,404.0,405.0,406.0,407.0,408.0,409.0,410.0,411.0,412.0,413.0,414.0,415.0,416.0,417.0,418.0,419.0,420.0,421.0,422.0,423.0,424.0,425.0,426.0,427.0,428.0,429.0,430.0,431.0,432.0,433.0,434.0,435.0,436.0,437.0,438.0,439.0,440.0,441.0,442.0,443.0,444.0,445.0,446.0,447.0,448.0,449.0,450.0,451.0,452.0,453.0,454.0,455.0,456.0,457.0,458.0,459.0,460.0,461.0,462.0,463.0,464.0,465.0,466.0,467.0,468.0,469.0,470.0,471.0,472.0,473.0,474.0,475.0,476.0,477.0,478.0,479.0,480.0,481.0,482.0,483.0,484.0,485.0,486.0,487.0,488.0,489.0,490.0,491.0,492.0,493.0,494.0,495.0,496.0,497.0,498.0,499.0,500.0,501.0,502.0,503.0,504.0,505.0,506.0,507.0,508.0,509.0,510.0,511.0,512.0,513.0,514.0,515.0,516.0,517.0,518.0,519.0,520.0,521.0,522.0,523.0,524.0,525.0,526.0,527.0,528.0,529.0,530.0,531.0,532.0,533.0,534.0,535.0,536.0,537.0,538.0,539.0,540.0,541.0,542.0,543.0,544.0,545.0,546.0,547.0,548.0,549.0,550.0,551.0,552.0,553.0,554.0,555.0,556.0,557.0,558.0,559.0,560.0,561.0,562.0,563.0,564.0,565.0,566.0,567.0,568.0,569.0,570.0,571.0,572.0,573.0,574.0,575.0,576.0,577.0,578.0,579.0,580.0,581.0,582.0,583.0,584.0,585.0,586.0,587.0,588.0,589.0,590.0,591.0,592.0,593.0,594.0,595.0,596.0,597.0,598.0,599.0,600.0
a1,0.5,0.501954,0.502735,0.500812,0.501748,0.502548,0.50217,0.501466,0.500651,0.501063,0.499822,0.496752,0.499189,0.500049,0.499255,0.49915,0.500532,0.501351,0.502573,0.501328,0.501046,0.501372,0.501158,0.503198,0.502861,0.502432,0.502165,0.501016,0.499447,0.500009,0.49943,0.499466,0.50216,0.502574,0.501501,0.501133,0.50315,0.502795,0.502469,0.500422,0.498963,0.499291,0.500192,0.49861,0.498023,0.49843,0.498057,0.500553,0.499841,0.49887,0.498921,0.498504,0.498571,0.496557,0.49523,0.496048,0.497831,0.498241,0.498399,0.499913,0.502412,0.501049,0.500625,0.500925,0.500546,0.499461,0.499372,0.500787,0.500832,0.499776,0.499509,0.499265,0.499092,0.498965,0.500035,0.500295,0.499827,0.499637,0.500123,0.500212,0.499787,0.499367,0.498738,0.498766,0.49934,0.49958,0.500075,0.500884,0.501299,0.501173,0.500665,0.501348,0.501522,0.501201,0.50112,0.500926,0.500726,0.502464,0.502613,0.503728,0.503776,0.50349,0.503952,0.504305,0.503862,0.504835,0.505849,0.508338,0.507939,0.507423,0.506544,0.506346,0.507752,0.506278,0.505078,0.505615,0.505531,0.505178,0.504786,0.504684,0.504689,0.502837,0.500075,0.498475,0.497595,0.495182,0.49274,0.490274,0.488225,0.486071,0.483648,0.482389,0.480304,0.479801,0.480439,0.480791,0.480334,0.482528,0.481845,0.481067,0.482182,0.480516,0.480441,0.480618,0.481001,0.481132,0.481861,0.481149,0.480071,0.479484,0.480616,0.48126,0.479598,0.479347,0.478781,0.479305,0.479201,0.47897,0.478624,0.478377,0.478197,0.478487,0.478984,0.480285,0.480182,0.480219,0.479983,0.480388,0.480363,0.479337,0.479621,0.479686,0.480944,0.482389,0.483294,0.48316,0.482799,0.482475,0.482719,0.483087,0.48267,0.481792,0.482525,0.482072,0.482263,0.4823,0.483805,0.483346,0.483043,0.48303,0.484843,0.484072,0.484684,0.483418,0.483737,0.483499,0.483204,0.482681,0.482738,0.482854,0.48288,0.482473,0.483001,0.484526,0.485043,0.485733,0.485315,0.484306,0.483463,0.482465,0.482545,0.482361,0.480708,0.479962,0.480985,0.48041,0.47833,0.478,0.477346,0.4759,0.474812,0.475476,0.476837,0.477211,0.47752,0.477973,0.477084,0.478832,0.479815,0.479943,0.479129,0.479771,0.481088,0.479264,0.478807,0.480453,0.479963,0.477805,0.475456,0.474313,0.475032,0.472422,0.470711,0.470076,0.469309,0.470014,0.471152,0.47156,0.46988,0.470476,0.46975,0.469727,0.467862,0.468078,0.467467,0.463769,0.465305,0.466206,0.46673,0.466676,0.467688,0.46791,0.468836,0.469668,0.470695,0.470678,0.470279,0.468797,0.468853,0.468535,0.46918,0.467431,0.465827,0.465819,0.464253,0.463953,0.46352,0.461518,0.461498,0.460956,0.460804,0.464312,0.466949,0.466552,0.465015,0.4657,0.468917,0.46654,0.464967,0.465727,0.465795,0.467426,0.470388,0.471046,0.472888,0.474031,0.47506,0.475712,0.478057,0.480515,0.481444,0.479684,0.476659,0.476671,0.475248,0.475777,0.475276,0.471719,0.471344,0.470054,0.469593,0.472414,0.473188,0.472658,0.472127,0.474083,0.47579,0.474889,0.473456,0.474134,0.478085,0.478951,0.478995,0.478906,0.477687,0.476693,0.476309,0.476191,0.474587,0.473987,0.471483,0.470912,0.472693,0.475952,0.476941,0.477324,0.478047,0.480189,0.482149,0.48191,0.480775,0.479871,0.480132,0.482469,0.483084,0.48461,0.486042,0.487971,0.489232,0.490943,0.491932,0.492711,0.496721,0.497445,0.499899,0.501474,0.50369,0.503595,0.502256,0.503501,0.506606,0.504849,0.508056,0.507585,0.508648,0.507655,0.510803,0.511522,0.509746,0.510616,0.510226,0.509446,0.51169,0.511678,0.510968,0.509671,0.512046,0.51236,0.515101,0.515628,0.516091,0.518622,0.518084,0.517967,0.51807,0.514641,0.519448,0.517667,0.516415,0.520462,0.518809,0.521384,0.522229,0.524323,0.525833,0.524313,0.525786,0.524056,0.524212,0.52556,0.523687,0.525487,0.529206,0.525937,0.52483,0.527185,0.528183,0.524499,0.527742,0.527693,0.531888,0.530462,0.529232,0.529257,0.533865,0.534916,0.534711,0.534209,0.533974,0.538663,0.539463,0.539276,0.537124,0.535802,0.537155,0.540282,0.540794,0.540673,0.536646,0.537923,0.537092,0.540479,0.541545,0.542161,0.541567,0.542946,0.545447,0.544867,0.544647,0.544429,0.546337,0.547994,0.546848,0.546032,0.547042,0.544054,0.547252,0.553889,0.556112,0.554719,0.551847,0.55078,0.550561,0.54935,0.550885,0.554776,0.553636,0.557096,0.554092,0.553038,0.556637,0.55369,0.557416,0.554589,0.556929,0.557033,0.561609,0.557156,0.558287,0.559556,0.55649,0.555999,0.562385,0.561674,0.563789,0.565837,0.561928,0.563585,0.564805,0.559301,0.561555,0.559215,0.565921,0.565506,0.565773,0.566118,0.568692,0.568183,0.568061,0.563078,0.564333,0.56558,0.564951,0.564301,0.564186,0.563378,0.569341,0.569186,0.56744,0.568453,0.569628,0.571053,0.570337,0.570177,0.571174,0.575674,0.575261,0.575082,0.57099,0.572527,0.570582,0.572907,0.568067,0.569858,0.572077,0.575601,0.577187,0.576088,0.57572,0.57525,0.577048,0.574877,0.578491,0.577278,0.579239,0.578998,0.58154,0.587441,0.585075,0.587258,0.586246,0.582109,0.57859,0.581758,0.57967,0.576692,0.581493,0.579038,0.579644,0.581742,0.582999,0.581999,0.581824,0.582755,0.583664,0.58293,0.580077,0.57834,0.58063,0.583253,0.580321,0.58247,0.589082,0.587962,0.58175,0.58157,0.578704,0.577778,0.583647,0.577166,0.570986,0.5738,0.575807,0.576222,0.578858,0.57963,0.58255,0.580359,0.579225,0.577276,0.57373,0.567487,0.56562,0.573497,0.577079,0.575388,0.578077,0.579015,0.576352,0.575023,0.575103,0.575914,0.576435,0.576721,0.576793,0.571919,0.57004,0.569826,0.565589,0.56839,0.560742,0.561142,0.563923,0.561496,0.563886,0.559119,0.559069,0.56137,0.563293,0.558816,0.556242
a2,0.5,0.499097,0.499096,0.501231,0.500227,0.499621,0.500868,0.501807,0.503953,0.502678,0.500877,0.50325,0.502759,0.503175,0.503623,0.504899,0.503943,0.504687,0.502154,0.501672,0.500368,0.5007,0.500772,0.49882,0.498875,0.500094,0.499588,0.500574,0.502365,0.501017,0.501679,0.501476,0.498839,0.498529,0.497531,0.496985,0.496446,0.497704,0.4995,0.501826,0.503065,0.50126,0.498793,0.500161,0.50127,0.500083,0.49991,0.499138,0.499548,0.50099,0.502068,0.501307,0.501177,0.503494,0.505828,0.50334,0.502342,0.502754,0.502775,0.5014,0.500583,0.500489,0.500446,0.50017,0.500115,0.501166,0.500903,0.499814,0.499702,0.499895,0.500195,0.500637,0.500818,0.500524,0.499866,0.499706,0.49978,0.499901,0.499217,0.498473,0.498636,0.49873,0.49822,0.499421,0.500507,0.500293,0.500177,0.500014,0.499863,0.499823,0.499717,0.499478,0.499396,0.499514,0.499347,0.499306,0.499446,0.498524,0.498402,0.498032,0.497908,0.497752,0.49732,0.497405,0.497836,0.497204,0.496244,0.494861,0.494986,0.494956,0.494143,0.493633,0.493555,0.494193,0.494311,0.493748,0.493945,0.492797,0.491698,0.490982,0.48976,0.489372,0.489084,0.487656,0.487854,0.487761,0.488486,0.488007,0.485437,0.484602,0.48356,0.483975,0.484444,0.484325,0.484379,0.484378,0.485192,0.485749,0.483703,0.480612,0.48021,0.479149,0.479385,0.479182,0.478638,0.478651,0.47927,0.479478,0.479021,0.479526,0.481567,0.481548,0.479177,0.478955,0.478228,0.478871,0.479287,0.479013,0.478754,0.47848,0.478156,0.478511,0.47941,0.480766,0.480348,0.480124,0.479605,0.479461,0.479763,0.479162,0.479697,0.47954,0.480473,0.481544,0.482338,0.48261,0.482888,0.48202,0.481303,0.480697,0.479895,0.479544,0.479655,0.480469,0.481339,0.483011,0.482954,0.481727,0.481357,0.480938,0.479925,0.47974,0.480163,0.480162,0.481181,0.480671,0.480562,0.479247,0.479637,0.479413,0.479018,0.478782,0.47953,0.478556,0.477385,0.477939,0.479986,0.480998,0.481559,0.482254,0.483825,0.485232,0.485036,0.486512,0.486602,0.487605,0.488898,0.488739,0.490542,0.491909,0.493898,0.493273,0.492375,0.492174,0.492439,0.49361,0.494489,0.49459,0.493849,0.493689,0.495322,0.495526,0.494724,0.496414,0.496264,0.494433,0.496217,0.498723,0.499803,0.501071,0.500198,0.501796,0.503293,0.504594,0.505432,0.504713,0.502937,0.503531,0.504051,0.503751,0.504968,0.507164,0.508098,0.508279,0.508424,0.509854,0.507918,0.50791,0.507131,0.507529,0.507137,0.508245,0.50931,0.509567,0.509497,0.511613,0.512523,0.51317,0.513311,0.51374,0.513869,0.516592,0.517248,0.516912,0.518796,0.520254,0.518662,0.519937,0.521707,0.524696,0.523945,0.520166,0.519175,0.520502,0.520199,0.520053,0.518579,0.521277,0.52447,0.523703,0.525902,0.52511,0.524842,0.526381,0.526646,0.526496,0.528142,0.531603,0.532287,0.53125,0.529208,0.529088,0.530642,0.5285,0.526984,0.525317,0.526085,0.526227,0.526177,0.525497,0.525173,0.525567,0.52661,0.528033,0.530443,0.528111,0.528109,0.531069,0.531726,0.532248,0.532056,0.531985,0.531979,0.530625,0.529724,0.531174,0.530257,0.531196,0.532239,0.533553,0.534122,0.536308,0.536329,0.534309,0.535934,0.538132,0.541665,0.541392,0.538937,0.536702,0.535601,0.534078,0.533949,0.534784,0.535138,0.53731,0.538768,0.538633,0.539838,0.540441,0.541061,0.542485,0.541452,0.542364,0.540525,0.540871,0.541736,0.542536,0.541453,0.543421,0.539298,0.542182,0.541963,0.540353,0.539583,0.541541,0.540812,0.539872,0.54007,0.54097,0.540209,0.541932,0.539371,0.538342,0.535411,0.536821,0.535426,0.536429,0.533413,0.532815,0.535838,0.54021,0.540333,0.539215,0.53593,0.537815,0.5357,0.533107,0.534479,0.532329,0.534569,0.529451,0.531733,0.532498,0.531515,0.530961,0.530402,0.530896,0.532597,0.529677,0.52799,0.528056,0.528394,0.526331,0.525192,0.521013,0.519007,0.519868,0.520853,0.520658,0.52033,0.523999,0.521629,0.520841,0.52174,0.525022,0.522825,0.521393,0.524929,0.523758,0.522245,0.519065,0.519093,0.52042,0.521153,0.521357,0.518627,0.515878,0.517728,0.520161,0.52007,0.515677,0.516362,0.512929,0.518941,0.520305,0.516734,0.516193,0.513689,0.513262,0.513719,0.51526,0.518221,0.517298,0.515748,0.517905,0.514459,0.509269,0.5093,0.512131,0.512759,0.510101,0.50888,0.509551,0.508061,0.507035,0.506181,0.511453,0.512522,0.507775,0.505679,0.503745,0.502599,0.50572,0.5047,0.505456,0.504578,0.50769,0.504514,0.503433,0.509538,0.512766,0.508713,0.512478,0.50854,0.507665,0.506743,0.503155,0.499101,0.501228,0.50088,0.505212,0.504451,0.505755,0.507935,0.505875,0.504841,0.50503,0.505115,0.503949,0.502792,0.504034,0.506652,0.508288,0.504069,0.502801,0.506191,0.504058,0.501217,0.500427,0.499815,0.496909,0.495914,0.502334,0.499862,0.496847,0.49393,0.495051,0.496927,0.496869,0.495181,0.49515,0.501861,0.497857,0.499416,0.497239,0.499487,0.495932,0.493805,0.500602,0.503243,0.50473,0.502358,0.502582,0.505292,0.510465,0.507736,0.508707,0.509951,0.50624,0.502043,0.504401,0.507642,0.507942,0.507512,0.503966,0.504806,0.50961,0.506711,0.5075,0.509073,0.508988,0.506684,0.507029,0.505233,0.499593,0.501246,0.508068,0.510074,0.506019,0.507224,0.509111,0.508936,0.511597,0.510397,0.510224,0.513728,0.519327,0.519559,0.51879,0.518271,0.517169,0.517032,0.517651,0.517746,0.514296,0.518652,0.520294,0.522557,0.51972,0.526229,0.524723,0.525679,0.526013,0.526202,0.528318,0.5254,0.524339,0.524176,0.525218,0.520334,0.521528,0.52343,0.526953,0.525246,0.526192,0.525958,0.520733,0.519903,0.520018,0.522738,0.526782,0.526306,0.52897,0.530853,0.526714,0.528094,0.526376,0.525112,0.527016,0.528701
a3,0.5,0.498956,0.498181,0.497964,0.498033,0.497843,0.496976,0.496743,0.495434,0.496281,0.499302,0.50002,0.498064,0.496797,0.497144,0.495992,0.49556,0.494022,0.495307,0.497013,0.498589,0.497934,0.498076,0.497997,0.498277,0.497487,0.498255,0.498414,0.498197,0.498975,0.498896,0.49906,0.499008,0.498907,0.500978,0.501896,0.500427,0.499515,0.498042,0.49776,0.497986,0.499451,0.501018,0.501233,0.500713,0.501491,0.502041,0.50031,0.500612,0.500142,0.499017,0.500193,0.500255,0.499973,0.499,0.50064,0.499837,0.499017,0.498837,0.498691,0.49702,0.498466,0.49893,0.498907,0.49934,0.499375,0.499727,0.499401,0.499466,0.500329,0.500297,0.500098,0.500092,0.500513,0.5001,0.499999,0.500393,0.500462,0.500661,0.501319,0.501582,0.501908,0.503057,0.501818,0.500154,0.500128,0.499749,0.499103,0.498841,0.499006,0.499619,0.499177,0.499086,0.499287,0.499535,0.49977,0.499829,0.499022,0.498995,0.49826,0.498337,0.498777,0.498753,0.498318,0.498325,0.497996,0.497959,0.496906,0.497171,0.497707,0.499391,0.500102,0.498796,0.499602,0.50067,0.500708,0.500592,0.502109,0.503622,0.504458,0.505712,0.507977,0.511083,0.514225,0.514926,0.517533,0.519326,0.522451,0.527421,0.530671,0.534479,0.535414,0.537217,0.537913,0.537138,0.536746,0.536356,0.533305,0.53632,0.540643,0.539843,0.542915,0.542732,0.542763,0.542946,0.542783,0.541262,0.541829,0.543563,0.543655,0.540077,0.539375,0.543922,0.544459,0.545932,0.544601,0.544247,0.544822,0.54551,0.546105,0.546681,0.545944,0.544354,0.541349,0.541937,0.542147,0.543001,0.542706,0.542392,0.544235,0.543307,0.543411,0.540937,0.538117,0.536225,0.536071,0.536163,0.53749,0.538018,0.538286,0.539652,0.541031,0.540083,0.539676,0.538487,0.536582,0.534976,0.536847,0.537597,0.53808,0.537199,0.538262,0.537109,0.538517,0.537022,0.537856,0.538308,0.540369,0.539866,0.539988,0.540404,0.541127,0.539692,0.539089,0.539835,0.538443,0.536608,0.536596,0.536905,0.537241,0.535408,0.534059,0.536111,0.535315,0.534078,0.533618,0.53452,0.535064,0.533827,0.533961,0.533029,0.532959,0.532407,0.532207,0.531576,0.529814,0.529857,0.527815,0.527524,0.527554,0.526709,0.525787,0.525197,0.525401,0.526062,0.526201,0.524845,0.524566,0.526018,0.525951,0.526072,0.527294,0.527636,0.526987,0.526973,0.526932,0.527515,0.526438,0.527775,0.52742,0.526962,0.524706,0.52583,0.525399,0.525936,0.528642,0.528906,0.527892,0.52811,0.527757,0.527021,0.525624,0.523489,0.522298,0.52123,0.519092,0.51861,0.519594,0.519388,0.519307,0.518463,0.517661,0.518784,0.51913,0.51899,0.517871,0.519944,0.520919,0.519175,0.516824,0.517736,0.517558,0.515617,0.514739,0.516741,0.516127,0.514042,0.513988,0.512587,0.512499,0.510282,0.509269,0.50632,0.504135,0.501918,0.50085,0.498209,0.494286,0.491229,0.48967,0.490611,0.492524,0.494198,0.496188,0.499105,0.500132,0.49993,0.503563,0.504012,0.506049,0.506858,0.503453,0.501634,0.500843,0.499128,0.499265,0.497476,0.495641,0.496526,0.49533,0.491413,0.490591,0.490551,0.491894,0.493989,0.493667,0.49492,0.494167,0.494866,0.494272,0.496367,0.494944,0.49306,0.491535,0.489028,0.48664,0.482735,0.480824,0.481051,0.483293,0.48543,0.487732,0.487584,0.484464,0.483528,0.480057,0.477347,0.47558,0.473295,0.471119,0.469634,0.46766,0.46477,0.463313,0.462607,0.460859,0.458099,0.45751,0.459647,0.456849,0.45752,0.456671,0.453972,0.455748,0.455443,0.454685,0.452492,0.452642,0.454052,0.452525,0.453509,0.452759,0.452913,0.45379,0.456909,0.456867,0.455933,0.454802,0.45494,0.454985,0.452013,0.446165,0.446528,0.447555,0.450209,0.45162,0.449207,0.452944,0.452878,0.451171,0.450711,0.452821,0.450149,0.447706,0.447245,0.449011,0.448224,0.449285,0.447718,0.449031,0.452077,0.450473,0.44702,0.451562,0.453496,0.455091,0.455987,0.458429,0.45475,0.454963,0.451659,0.449703,0.452795,0.453459,0.448771,0.445089,0.447131,0.44878,0.445953,0.443059,0.443684,0.446557,0.448322,0.448282,0.446524,0.443767,0.44568,0.448155,0.449904,0.446738,0.447507,0.448491,0.447015,0.449494,0.444774,0.442482,0.443497,0.444434,0.446781,0.447332,0.445373,0.442698,0.441091,0.442539,0.443049,0.443628,0.443989,0.443139,0.441341,0.440004,0.441751,0.444914,0.446159,0.446553,0.446615,0.44438,0.446046,0.438706,0.440165,0.445127,0.444082,0.448159,0.446179,0.445686,0.44471,0.443962,0.441111,0.441911,0.443792,0.443736,0.440836,0.438446,0.436921,0.43426,0.435981,0.435153,0.438976,0.440807,0.443428,0.445892,0.44441,0.442443,0.43786,0.437051,0.43497,0.436475,0.43539,0.435617,0.435637,0.440509,0.440541,0.438486,0.436706,0.435802,0.439539,0.44128,0.433734,0.435688,0.439506,0.439415,0.439045,0.440511,0.441949,0.436423,0.437815,0.43703,0.439926,0.439067,0.440544,0.439412,0.442413,0.440645,0.438457,0.440595,0.437515,0.43674,0.43358,0.437521,0.439686,0.434072,0.430447,0.430801,0.43013,0.430842,0.427081,0.422928,0.423343,0.41829,0.418958,0.42046,0.424706,0.425726,0.42558,0.423013,0.424896,0.430096,0.425834,0.423609,0.425587,0.423393,0.421175,0.421968,0.424015,0.42305,0.423892,0.429218,0.429906,0.425407,0.422063,0.423532,0.424661,0.421526,0.416937,0.415559,0.420984,0.421257,0.420456,0.416589,0.412216,0.417463,0.422404,0.421228,0.41987,0.419066,0.417082,0.419321,0.413714,0.413966,0.41298,0.416636,0.414026,0.419782,0.420402,0.414364,0.411645,0.411201,0.411561,0.411726,0.413757,0.41389,0.417717,0.416174,0.414287,0.411313,0.412598,0.415366,0.416921,0.421262,0.425096,0.422908,0.426445,0.422869,0.421164,0.420855,0.417585,0.424454,0.423383,0.423023,0.422594,0.424441,0.425046
