,0,1,2,3,4,5,6,7,8,9,10,11,12,13,14,15,16,17,18,19,20,21,22,23,24,25,26,27,28,29,30,31,32,33,34,35,36,37,38,39,40,41,42,43,44,45,46,47,48,49,50,51,52,53,54,55,56,57,58,59,60,61,62,63,64,65,66,67,68,69,70,71,72,73,74,75,76,77,78,79,80,81,82,83,84,85,86,87,88,89,90,91,92,93,94,95,96,97,98,99,100,101,102,103,104,105,106,107,108,109,110,111,112,113,114,115,116,117,118,119,120,121,122,123,124,125,126,127,128,129,130,131,132,133,134,135,136,137,138,139,140,141,142,143,144,145,146,147,148,149,150,151,152,153,154,155,156,157,158,159,160,161,162,163,164,165,166,167,168,169,170,171,172,173,174,175,176,177,178,179,180,181,182,183,184,185,186,187,188,189,190,191,192,193,194,195,196,197,198,199,200,201,202,203,204,205,206,207,208,209,210,211,212,213,214,215,216,217,218,219,220,221,222,223,224,225,226,227,228,229,230,231,232,233,234,235,236,237,238,239,240,241,242,243,244,245,246,247,248,249,250,251,252,253,254,255,256,257,258,259,260,261,262,263,264,265,266,267,268,269,270,271,272,273,274,275,276,277,278,279,280,281,282,283,284,285,286,287,288,289,290,291,292,293,294,295,296,297,298,299,300,301,302,303,304,305,306,307,308,309,310,311,312,313,314,315,316,317,318,319,320,321,322,323,324,325,326,327,328,329,330,331,332,333,334,335,336,337,338,339,340,341,342,343,344,345,346,347,348,349,350,351,352,353,354,355,356,357,358,359,360,361,362,363,364,365,366,367,368,369,370,371,372,373,374,375,376,377,378,379,380,381,382,383,384,385,386,387,388,389,390,391,392,393,394,395,396,397,398,399,400,401,402,403,404,405,406,407,408,409,410,411,412,413,414,415,416,417,418,419,420,421,422,423,424,425,426,427,428,429,430,431,432,433,434,435,436,437,438,439,440,441,442,443,444,445,446,447,448,449,450,451,452,453,454,455,456,457,458,459,460,461,462,463,464,465,466,467,468,469,470,471,472,473,474,475,476,477,478,479,480,481,482,483,484,485,486,487,488,489,490,491,492,493,494,495,496,497,498,499,500,501,502,503,504,505,506,507,508,509,510,511,512,513,514,515,516,517,518,519,520,521,522,523,524,525,526,527,528,529,530,531,532,533,534,535,536,537,538,539,540,541,542,543,544,545,546,547,548,549,550,551,552,553,554,555,556,557,558,559,560,561,562,563,564,565,566,567,568,569,570,571,572,573,574,575,576,577,578,579,580,581,582,583,584,585,586,587,588,589,590,591,592,593,594,595,596,597,598,599,600
Time,0.0,1.0,2.0,3.0,4.0,5.0,6.0,7.0,8.0,9.0,10.0,11.0,12.0,13.0,14.0,15.0,16.0,17.0,18.0,19.0,20.0,21.0,22.0,23.0,24.0,25.0,26.0,27.0,28.0,29.0,30.0,31.0,32.0,33.0,34.0,35.0,36.0,37.0,38.0,39.0,40.0,41.0,42.0,43.0,44.0,45.0,46.0,47.0,48.0,49.0,50.0,51.0,52.0,53.0,54.0,55.0,56.0,57.0,58.0,59.0,60.0,61.0,62.0,63.0,64.0,65.0,66.0,67.0,68.0,69.0,70.0,71.0,72.0,73.0,74.0,75.0,76.0,77.0,78.0,79.0,80.0,81.0,82.0,83.0,84.0,85.0,86.0,87.0,88.0,89.0,90.0,91.0,92.0,93.0,94.0,95.0,96.0,97.0,98.0,99.0,100.0,101.0,102.0,103.0,104.0,105.0,106.0,107.0,108.0,109.0,110.0,111.0,112.0,113.0,114.0,115.0,116.0,117.0,118.0,119.0,120.0,121.0,122.0,123.0,124.0,125.0,126.0,127.0,128.0,129.0,130.0,131.0,132.0,133.0,134.0,135.0,136.0,137.0,138.0,139.0,140.0,141.0,142.0,143.0,144.0,145.0,146.0,147.0,148.0,149.0,150.0,151.0,152.0,153.0,154.0,155.0,156.0,157.0,158.0,159.0,160.0,161.0,162.0,163.0,164.0,165.0,166.0,167.0,168.0,169.0,170.0,171.0,172.0,173.0,174.0,175.0,176.0,177.0,178.0,179.0,180.0,181.0,182.0,183.0,184.0,185.0,186.0,187.0,188.0,189.0,190.0,191.0,192.0,193.0,194.0,195.0,196.0,197.0,198.0,199.0,200.0,201.0,202.0,203.0,204.0,205.0,206.0,207.0,208.0,209.0,210.0,211.0,212.0,213.0,214.0,215.0,216.0,217.0,218.0,219.0,220.0,221.0,222.0,223.0,224.0,225.0,226.0,227.0,228.0,229.0,230.0,231.0,232.0,233.0,234.0,235.0,236.0,237.0,238.0,239.0,240.0,241.0,242.0,243.0,244.0,245.0,246.0,247.0,248.0,249.0,250.0,251.0,252.0,253.0,254.0,255.0,256.0,257.0,258.0,259.0,260.0,261.0,262.0,263.0,264.0,265.0,266.0,267.0,268.0,269.0,270.0,271.0,272.0,273.0,274.0,275.0,276.0,277.0,278.0,279.0,280.0,281.0,282.0,283.0,284.0,285.0,286.0,287.0,288.0,289.0,290.0,291.0,292.0,293.0,294.0,295.0,296.0,297.0,298.0,299.0,300.0,301.0,302.0,303.0,304.0,305.0,306.0,307.0,308.0,309.0,310.0,311.0,312.0,313.0,314.0,315.0,316.0,317.0,318.0,319.0,320.0,321.0,322.0,323.0,324.0,325.0,326.0,327.0,328.0,329.0,330.0,331.0,332.0,333.0,334.0,335.0,336.0,337.0,338.0,339.0,340.0,341.0,342.0,343.0,344.0,345.0,346.0,347.0,348.0,349.0,350.0,351.0,352.0,353.0,354.0,355.0,356.0,357.0,358.0,359.0,360.0,361.0,362.0,363.0,364.0,365.0,366.0,367.0,368.0,369.0,370.0,371.0,372.0,373.0,374.0,375.0,376.0,377.0,378.0,379.0,380.0,381.0,382.0,383.0,384.0,385.0,386.0,387.0,388.0,389.0,390.0,391.0,392.0,393.0,394.0,395.0,396.0,397.0,398.0,399.0,400.0,401.0,402.0,403.0,404.0,405.0,406.0,407.0,408.0,409.0,410.0,411.0,412.0,413.0,414.0,415.0,416.0,417.0,418.0,419.0,420.0,421.0,422.0,423.0,424.0,425.0,426.0,427.0,428.0,429.0,430.0,431.0,432.0,433.0,434.0,435.0,436.0,437.0,438.0,439.0,440.0,441.0,442.0,443.0,444.0,445.0,446.0,447.0,448.0,449.0,450.0,451.0,452.0,453.0,454.0,455.0,456.0,457.0,458.0,459.0,460.0,461.0,462.0,463.0,464.0,465.0,466.0,467.0,468.0,469.0,470.0,471.0,472.0,473.0,474.0,475.0,476.0,477.0,478.0,479.0,480.0,481.0,482.0,483.0,484.0,485.0,486.0,487.0,488.0,489.0,490.0,491.0,492.0,493.0,494.0,495.0,496.0,497.0,498.0,499.0,500.0,501.0,502.0,503.0,504.0,505.0,506.0,507.0,508.0,509.0,510.0,511.0,512.0,513.0,514.0,515.0,516.0,517.0,518.0,519.0,520.0,521.0,522.0,523.0,524.0,525.0,526.0,527.0,528.0,529.0,530.0,531.0,532.0,533.0,534.0,535.0,536.0,537.0,538.0,539.0,540.0,541.0,542.0,543.0,544.0,545.0,546.0,547.0,548.0,549.0,550.0,551.0,552.0,553.0,554.0,555.0,556.0,557.0,558.0,559.0,560.0,561.0,562.0,563.0,564.0,565.0,566.0,567.0,568.0,569.0,570.0,571.0,572.0,573.0,574.0,575.0,576.0,577.0,578.0,579.0,580.0,581.0,582.0,583.0,584.0,585.0,586.0,587.0,588.0,589.0,590.0,591.0,592.0,593.0,594.0,595.0,596.0,597.0,598.0,599.0,600.0
a1,1.25,1.251782,1.248451,1.24655,1.245085,1.241076,1.240336,1.243088,1.243143,1.242027,1.243495,1.244928,1.246599,1.245303,1.246193,1.24117,1.246849,1.242667,1.241626,1.236345,1.239591,1.242231,1.243356,1.240701,1.242797,1.24371,1.245756,1.250214,1.248361,1.248938,1.24613,1.244329,1.244972,1.244315,1.245376,1.24445,1.247157,1.250095,1.248953,1.245546,1.24573,1.246989,1.246795,1.245975,1.245366,1.245518,1.243448,1.24849,1.247544,1.247924,1.24907,1.250299,1.2495,1.248502,1.245056,1.245549,1.24366,1.242833,1.244705,1.244805,1.243106,1.242431,1.243329,1.243999,1.246202,1.24742,1.247877,1.245526,1.246313,1.245795,1.247466,1.247115,1.246252,1.246711,1.247252,1.247914,1.247121,1.246961,1.245912,1.247615,1.246216,1.244022,1.242916,1.243373,1.243318,1.244319,1.246542,1.247944,1.248323,1.249562,1.247169,1.247027,1.246135,1.245868,1.24548,1.246556,1.249861,1.249086,1.246528,1.247857,1.247705,1.247337,1.246605,1.246576,1.247649,1.247408,1.246334,1.243132,1.244272,1.242127,1.24442,1.247448,1.247143,1.248441,1.249727,1.246531,1.241713,1.242111,1.241016,1.239734,1.241843,1.242401,1.240282,1.24001,1.23993,1.240249,1.241085,1.239857,1.241068,1.242346,1.241085,1.240879,1.241043,1.240808,1.241971,1.245576,1.247679,1.247334,1.248152,1.247975,1.250197,1.247933,1.249218,1.245479,1.242468,1.242177,1.240925,1.242989,1.244125,1.242756,1.245675,1.244701,1.242793,1.243333,1.242723,1.239908,1.244039,1.241406,1.239241,1.242454,1.241894,1.242768,1.242965,1.243898,1.242763,1.237485,1.237013,1.237864,1.235365,1.234303,1.234586,1.234319,1.234589,1.232717,1.232904,1.230032,1.230678,1.229484,1.229864,1.229523,1.230931,1.233142,1.230252,1.228746,1.228142,1.228006,1.229938,1.231399,1.229726,1.228234,1.227529,1.228167,1.230868,1.229369,1.229988,1.231718,1.234224,1.235297,1.235104,1.234114,1.234609,1.231697,1.232904,1.233245,1.231948,1.23034,1.228678,1.228826,1.229762,1.227866,1.229136,1.229958,1.229329,1.230747,1.228379,1.228205,1.228764,1.230099,1.228861,1.228091,1.230651,1.231522,1.231524,1.231105,1.23237,1.229163,1.232339,1.233684,1.232696,1.233264,1.233039,1.232745,1.230979,1.233782,1.235903,1.236497,1.236348,1.238842,1.239679,1.238458,1.239789,1.238221,1.237035,1.237637,1.238895,1.235073,1.232783,1.232393,1.233947,1.235725,1.237366,1.238613,1.237535,1.238298,1.238791,1.239166,1.241368,1.241493,1.240454,1.239828,1.241661,1.243923,1.245147,1.243876,1.244456,1.242482,1.242469,1.241553,1.241088,1.243859,1.246112,1.244035,1.244293,1.245476,1.247126,1.248552,1.2495,1.24945,1.248932,1.246804,1.245781,1.243792,1.243143,1.242738,1.242133,1.243311,1.245062,1.24696,1.247775,1.247888,1.251248,1.248229,1.248399,1.248963,1.247575,1.247255,1.247576,1.244118,1.241913,1.24392,1.243991,1.244033,1.245967,1.245689,1.246453,1.248296,1.248674,1.246994,1.246468,1.246169,1.243661,1.244233,1.246767,1.247008,1.247026,1.242933,1.242704,1.243237,1.243539,1.242436,1.242009,1.24295,1.242782,1.242923,1.242323,1.239428,1.238235,1.23841,1.236094,1.23326,1.235166,1.23709,1.23773,1.236323,1.236466,1.236598,1.238241,1.238156,1.238452,1.237796,1.234966,1.234501,1.233801,1.234661,1.238602,1.236075,1.237396,1.236892,1.236489,1.237868,1.235283,1.236206,1.237505,1.234919,1.234431,1.234712,1.235061,1.230803,1.231461,1.233246,1.234691,1.23575,1.233441,1.233174,1.232041,1.234569,1.23585,1.234411,1.235641,1.23557,1.233859,1.231335,1.232076,1.23735,1.237228,1.237478,1.235227,1.235111,1.234517,1.234385,1.234875,1.232917,1.236279,1.235303,1.234242,1.235709,1.236671,1.237609,1.237738,1.238652,1.23425,1.234136,1.233114,1.234613,1.236911,1.23966,1.241291,1.242909,1.241914,1.242387,1.240859,1.240712,1.242247,1.24105,1.241681,1.237532,1.239153,1.240777,1.24131,1.240856,1.241629,1.242281,1.235998,1.236536,1.235974,1.235412,1.239397,1.237954,1.242483,1.242568,1.244205,1.24436,1.246104,1.246817,1.24882,1.249884,1.250821,1.246918,1.245471,1.244128,1.244,1.24262,1.242806,1.240685,1.239127,1.239891,1.24278,1.244082,1.243403,1.244957,1.245614,1.242862,1.242578,1.241484,1.240591,1.240718,1.243238,1.244855,1.24506,1.244619,1.246045,1.242317,1.240883,1.239197,1.238849,1.23965,1.239188,1.239644,1.239863,1.241191,1.243486,1.240669,1.240722,1.238031,1.237566,1.238474,1.238897,1.238741,1.237982,1.236446,1.236473,1.2371,1.237531,1.235539,1.23805,1.239056,1.237572,1.234647,1.233389,1.234901,1.235064,1.237124,1.235007,1.231934,1.230183,1.228294,1.230053,1.231311,1.231232,1.230027,1.232037,1.233886,1.236669,1.237893,1.239186,1.24022,1.240497,1.239945,1.235919,1.235097,1.234512,1.234667,1.236279,1.236966,1.235785,1.238006,1.240569,1.241912,1.243313,1.243216,1.242106,1.238089,1.238942,1.239417,1.241298,1.242916,1.243324,1.243034,1.243116,1.243539,1.244483,1.24372,1.244061,1.244999,1.245451,1.244053,1.242041,1.242096,1.240937,1.239596,1.237131,1.235855,1.23476,1.23394,1.235633,1.23771,1.238454,1.239276,1.238766,1.238456,1.239266,1.239066,1.238731,1.236249,1.23556,1.233951,1.233244,1.232767,1.232655,1.231502,1.233224,1.232987,1.233941,1.235672,1.235967,1.23654,1.237177,1.238443,1.237943,1.237463,1.237333,1.237852,1.237716,1.237582,1.235609,1.235433,1.234941,1.234785,1.235744,1.237076,1.236447,1.235858,1.23825,1.239441,1.237572,1.235978,1.235727,1.235648,1.235759,1.236951,1.238312,1.23785,1.238102,1.234761,1.23268,1.232122,1.232334,1.234188,1.233402,1.235163,1.23386,1.22983,1.229955,1.230186,1.23113,1.232282,1.232029,1.230741,1.231126,1.231141,1.231798
a2,1.25,1.249097,1.250384,1.250482,1.246035,1.247776,1.25134,1.247932,1.253297,1.254608,1.254755,1.250105,1.246863,1.248079,1.246485,1.249791,1.248336,1.25089,1.249193,1.247911,1.245392,1.245899,1.246827,1.248472,1.2523,1.251954,1.251002,1.251109,1.252916,1.252749,1.25509,1.254099,1.255942,1.252782,1.249776,1.249093,1.252361,1.254031,1.254269,1.256412,1.256519,1.255785,1.254431,1.255063,1.254661,1.253694,1.256739,1.254423,1.254516,1.256385,1.257377,1.254552,1.25077,1.250435,1.254328,1.254443,1.255521,1.256414,1.25546,1.255613,1.255612,1.25656,1.254264,1.254726,1.252292,1.249051,1.249346,1.252909,1.252599,1.25401,1.253355,1.252926,1.252834,1.251632,1.251529,1.252979,1.254531,1.255224,1.256277,1.255892,1.255991,1.256769,1.258812,1.258801,1.259228,1.260292,1.259293,1.259117,1.262439,1.264183,1.266855,1.26703,1.267509,1.26686,1.267949,1.26736,1.262976,1.26202,1.260456,1.259696,1.260413,1.26133,1.261479,1.262863,1.262869,1.263261,1.265734,1.267097,1.266438,1.271117,1.27235,1.270527,1.271379,1.269036,1.267181,1.271667,1.276306,1.275252,1.274486,1.274637,1.271339,1.271203,1.272485,1.271515,1.272037,1.273903,1.271587,1.271185,1.269148,1.269107,1.26772,1.267313,1.269453,1.269654,1.270911,1.267903,1.265692,1.264927,1.264501,1.262693,1.260362,1.261724,1.25839,1.25956,1.260412,1.26129,1.265856,1.266952,1.268466,1.268389,1.265914,1.263294,1.26341,1.262047,1.26139,1.262462,1.259456,1.257465,1.254844,1.25401,1.252489,1.249821,1.252261,1.253952,1.256938,1.259748,1.259237,1.256554,1.25744,1.25832,1.257818,1.255623,1.25404,1.255081,1.254734,1.256898,1.256071,1.257656,1.256154,1.253874,1.250556,1.24866,1.251533,1.252665,1.252867,1.252192,1.252566,1.253494,1.256583,1.259089,1.259503,1.259469,1.257658,1.260015,1.259917,1.257688,1.257243,1.255637,1.256665,1.256992,1.256153,1.258399,1.25769,1.25609,1.257925,1.258288,1.255153,1.255601,1.254446,1.254895,1.253717,1.253609,1.255704,1.25569,1.256753,1.256553,1.255862,1.255105,1.257316,1.257633,1.255385,1.256584,1.256514,1.256727,1.254926,1.256989,1.255359,1.257484,1.257548,1.255388,1.256839,1.254262,1.25446,1.252272,1.253652,1.250459,1.248008,1.247467,1.248408,1.249401,1.249365,1.247404,1.246477,1.247663,1.249247,1.250343,1.251994,1.252594,1.250554,1.250287,1.248806,1.248898,1.245261,1.245152,1.242257,1.240857,1.242175,1.242644,1.241788,1.242742,1.243251,1.244548,1.244587,1.24819,1.249196,1.251415,1.253475,1.254873,1.254439,1.253436,1.253892,1.254637,1.253559,1.253365,1.251861,1.250835,1.249868,1.250041,1.252619,1.253667,1.254131,1.254553,1.256423,1.257916,1.25969,1.257334,1.257238,1.256069,1.259153,1.259139,1.256038,1.257767,1.258451,1.257499,1.258511,1.257782,1.257483,1.259879,1.262704,1.259939,1.259207,1.258944,1.257973,1.259102,1.260159,1.261407,1.264447,1.265844,1.265683,1.265801,1.266753,1.266349,1.264436,1.261983,1.261212,1.265118,1.265626,1.265011,1.26449,1.267666,1.267896,1.267854,1.26765,1.268194,1.269441,1.267755,1.268492,1.270919,1.273297,1.275228,1.275029,1.276028,1.27791,1.278696,1.277837,1.274661,1.273814,1.273009,1.270928,1.272155,1.275446,1.276476,1.277274,1.277277,1.276004,1.278214,1.279276,1.279702,1.278214,1.275128,1.27375,1.273213,1.270784,1.267693,1.268587,1.274054,1.271231,1.272091,1.272219,1.273432,1.275369,1.272453,1.27069,1.273631,1.272385,1.273769,1.277641,1.275603,1.275652,1.277133,1.27452,1.275519,1.274061,1.27277,1.274195,1.274536,1.27388,1.27084,1.272194,1.273864,1.272,1.270946,1.269239,1.270659,1.273275,1.275357,1.273079,1.273411,1.272741,1.272765,1.272816,1.268811,1.269289,1.268703,1.269338,1.267604,1.263998,1.263689,1.264792,1.262285,1.263211,1.261295,1.260889,1.262469,1.26184,1.263222,1.268756,1.26812,1.265636,1.264495,1.26449,1.264827,1.266206,1.267814,1.266894,1.263959,1.259362,1.258349,1.258534,1.257561,1.257408,1.256772,1.253851,1.255463,1.254482,1.252796,1.250138,1.252863,1.254673,1.257095,1.255243,1.255938,1.257841,1.25885,1.263277,1.262863,1.262437,1.26,1.253519,1.251775,1.252824,1.256582,1.259698,1.25784,1.258024,1.256846,1.257981,1.25711,1.258582,1.26202,1.260964,1.262352,1.264329,1.263683,1.266234,1.264589,1.263134,1.265615,1.266256,1.266448,1.266742,1.268306,1.265662,1.262962,1.267664,1.268233,1.267274,1.267115,1.264946,1.262115,1.264367,1.264602,1.263857,1.265578,1.26501,1.262844,1.264587,1.266071,1.26708,1.266271,1.267433,1.265415,1.264933,1.263557,1.262827,1.263692,1.262183,1.261244,1.26097,1.262995,1.264004,1.26331,1.261371,1.260762,1.260558,1.260002,1.259184,1.260155,1.261154,1.260648,1.26275,1.262031,1.261143,1.260036,1.259974,1.259354,1.257818,1.258172,1.257612,1.257821,1.256444,1.258285,1.258259,1.258515,1.257557,1.257307,1.256416,1.258593,1.257099,1.255645,1.253048,1.253375,1.251962,1.252,1.252959,1.253191,1.253763,1.253808,1.254621,1.254763,1.257435,1.259657,1.261341,1.263042,1.262925,1.261465,1.262998,1.262528,1.262133,1.260638,1.262748,1.26432,1.263398,1.263927,1.265078,1.264235,1.264914,1.263762,1.264701,1.266745,1.262951,1.266711,1.265918,1.265706,1.265022,1.265224,1.264644,1.263273,1.263884,1.266393,1.266833,1.263405,1.261868,1.261473,1.2621,1.26467,1.26362,1.266806,1.265876,1.265164,1.262555,1.265194,1.264519,1.262885,1.265302,1.26812,1.269056,1.268578,1.267016,1.263384,1.261559,1.263734,1.264255,1.268829,1.268612,1.267485,1.267222,1.265051,1.265667,1.265944,1.268204,1.271694,1.273404,1.273847,1.275085,1.276279,1.278164,1.279752,1.275261,1.2748,1.269765
a3,1.25,1.249123,1.251166,1.252976,1.258928,1.261232,1.25839,1.259034,1.253588,1.253403,1.251778,1.254987,1.256564,1.256645,1.257355,1.259103,1.254829,1.256482,1.259244,1.265922,1.26516,1.261958,1.259878,1.26091,1.254935,1.254361,1.253254,1.248678,1.248728,1.248318,1.248797,1.251593,1.249111,1.252922,1.254866,1.256487,1.250487,1.245888,1.246789,1.248067,1.247777,1.247247,1.248786,1.248979,1.24999,1.250801,1.249849,1.247099,1.247953,1.245716,1.243591,1.245167,1.24973,1.251065,1.250634,1.250024,1.250848,1.250791,1.249858,1.249605,1.251315,1.251049,1.252434,1.251299,1.251514,1.253538,1.252782,1.251577,1.251096,1.250208,1.249187,1.249966,1.250923,1.251664,1.251224,1.249112,1.24836,1.247832,1.247835,1.246514,1.247815,1.249242,1.248325,1.247876,1.247509,1.245452,1.244218,1.242994,1.239346,1.236409,1.236169,1.236139,1.236556,1.237455,1.236777,1.236284,1.237296,1.239,1.243084,1.242509,1.241953,1.241416,1.241999,1.240666,1.239594,1.239448,1.238093,1.239946,1.239455,1.237026,1.233549,1.23232,1.231796,1.232786,1.233321,1.232122,1.232407,1.23303,1.23486,1.23599,1.237092,1.236669,1.237533,1.23875,1.238321,1.236189,1.237606,1.239224,1.240001,1.238765,1.241382,1.241986,1.239729,1.239767,1.237382,1.236727,1.236799,1.237888,1.237495,1.239442,1.239528,1.240436,1.242443,1.245016,1.247189,1.246613,1.243369,1.240231,1.237619,1.239058,1.238571,1.242111,1.243904,1.244707,1.245967,1.247735,1.24656,1.251181,1.255986,1.25357,1.255659,1.257454,1.254804,1.252173,1.250339,1.252872,1.253857,1.255671,1.257324,1.257526,1.257739,1.260211,1.261526,1.262395,1.262551,1.263321,1.263489,1.263121,1.264241,1.266891,1.2688,1.268448,1.26851,1.268916,1.269337,1.270161,1.267787,1.265346,1.263952,1.262969,1.263278,1.262655,1.2617,1.260876,1.260339,1.2608,1.258684,1.2592,1.258366,1.259048,1.259384,1.260108,1.259584,1.260839,1.260327,1.261609,1.26647,1.265867,1.266068,1.26757,1.267448,1.266712,1.265245,1.263801,1.265167,1.265547,1.265668,1.265057,1.264104,1.264577,1.264207,1.262107,1.262176,1.262392,1.262905,1.264122,1.262501,1.258995,1.259938,1.261526,1.260298,1.263189,1.264802,1.264133,1.260575,1.263186,1.265819,1.26382,1.262014,1.262255,1.260936,1.264518,1.266671,1.264851,1.261965,1.26476,1.265439,1.265234,1.2657,1.26415,1.26397,1.262605,1.267395,1.266726,1.269173,1.27022,1.266621,1.266015,1.267949,1.267616,1.265225,1.26161,1.260329,1.257976,1.256377,1.256142,1.25409,1.253618,1.254521,1.252728,1.250009,1.251351,1.252168,1.251173,1.251017,1.250615,1.250632,1.250509,1.248453,1.249539,1.250102,1.25168,1.250469,1.249392,1.24824,1.249395,1.247733,1.246994,1.243127,1.243027,1.242749,1.244043,1.243198,1.243577,1.243959,1.245,1.244976,1.246062,1.245482,1.246201,1.246854,1.247073,1.246098,1.245258,1.243452,1.240386,1.23703,1.237329,1.238009,1.238191,1.239755,1.239581,1.238932,1.241102,1.241842,1.242085,1.241815,1.241886,1.242096,1.240084,1.240286,1.239387,1.239755,1.239082,1.238463,1.243007,1.243482,1.240931,1.240934,1.241902,1.24018,1.237282,1.234821,1.235466,1.236153,1.239102,1.23828,1.239148,1.240881,1.24034,1.239976,1.239442,1.23937,1.238504,1.235794,1.23618,1.233835,1.233927,1.235767,1.237377,1.241307,1.240903,1.241971,1.247606,1.24722,1.241585,1.243991,1.247451,1.246659,1.243668,1.240326,1.242103,1.246156,1.243547,1.245909,1.242006,1.236959,1.24038,1.239098,1.237732,1.24199,1.24356,1.244235,1.240188,1.238923,1.238342,1.241237,1.244323,1.243596,1.2421,1.243426,1.246434,1.244716,1.244307,1.242817,1.239316,1.240567,1.239304,1.239828,1.23889,1.243258,1.247298,1.247861,1.246922,1.243983,1.242921,1.24483,1.243513,1.243425,1.24542,1.246039,1.24808,1.24694,1.24658,1.246567,1.249378,1.242301,1.241297,1.2432,1.244777,1.244007,1.243023,1.24798,1.245856,1.247326,1.250793,1.251322,1.253789,1.249034,1.249916,1.248424,1.2489,1.250057,1.247738,1.246711,1.247327,1.249041,1.250225,1.249873,1.248811,1.250783,1.251479,1.249398,1.250531,1.247716,1.247355,1.244876,1.245979,1.253104,1.253284,1.251574,1.250594,1.247785,1.25073,1.251448,1.252491,1.248825,1.248067,1.246403,1.243447,1.243065,1.245423,1.244913,1.247244,1.245082,1.245896,1.247796,1.244891,1.244041,1.242522,1.23994,1.241223,1.243764,1.249131,1.244967,1.243495,1.244011,1.244324,1.247222,1.251572,1.249316,1.24845,1.248751,1.249064,1.24709,1.248215,1.247989,1.249479,1.249758,1.249025,1.247715,1.247624,1.250239,1.254723,1.257235,1.258307,1.25801,1.25766,1.258013,1.257227,1.254174,1.252983,1.252085,1.251451,1.250348,1.249856,1.250388,1.249981,1.25306,1.254398,1.252902,1.253459,1.252706,1.25311,1.254369,1.252736,1.251674,1.249968,1.249116,1.249006,1.251493,1.253716,1.252878,1.252144,1.251198,1.249818,1.250294,1.248423,1.249824,1.250846,1.252487,1.252929,1.254,1.253016,1.251602,1.252777,1.254235,1.254133,1.254491,1.255707,1.255535,1.254614,1.25405,1.253193,1.251593,1.250938,1.24867,1.248306,1.249211,1.251005,1.248098,1.246748,1.247994,1.249977,1.249537,1.252,1.252045,1.253671,1.252855,1.252004,1.254012,1.25053,1.250346,1.248803,1.24918,1.248402,1.248331,1.248409,1.248309,1.246319,1.246018,1.248873,1.250533,1.25106,1.252436,1.250068,1.251606,1.248615,1.248563,1.24792,1.251135,1.24912,1.247373,1.247787,1.247284,1.246117,1.245451,1.246001,1.247425,1.249804,1.250237,1.248551,1.247782,1.246649,1.248967,1.250644,1.250688,1.250951,1.25114,1.249083,1.248173,1.248827,1.247023,1.246356,1.244191,1.241865,1.240288,1.240045,1.244023,1.244459,1.248726
