,0,1,2,3,4,5,6,7,8,9,10,11,12,13,14,15,16,17,18,19,20,21,22,23,24,25,26,27,28,29,30,31,32,33,34,35,36,37,38,39,40,41,42,43,44,45,46,47,48,49,50,51,52,53,54,55,56,57,58,59,60,61,62,63,64,65,66,67,68,69,70,71,72,73,74,75,76,77,78,79,80,81,82,83,84,85,86,87,88,89,90,91,92,93,94,95,96,97,98,99,100,101,102,103,104,105,106,107,108,109,110,111,112,113,114,115,116,117,118,119,120,121,122,123,124,125,126,127,128,129,130,131,132,133,134,135,136,137,138,139,140,141,142,143,144,145,146,147,148,149,150,151,152,153,154,155,156,157,158,159,160,161,162,163,164,165,166,167,168,169,170,171,172,173,174,175,176,177,178,179,180,181,182,183,184,185,186,187,188,189,190,191,192,193,194,195,196,197,198,199,200,201,202,203,204,205,206,207,208,209,210,211,212,213,214,215,216,217,218,219,220,221,222,223,224,225,226,227,228,229,230,231,232,233,234,235,236,237,238,239,240,241,242,243,244,245,246,247,248,249,250,251,252,253,254,255,256,257,258,259,260,261,262,263,264,265,266,267,268,269,270,271,272,273,274,275,276,277,278,279,280,281,282,283,284,285,286,287,288,289,290,291,292,293,294,295,296,297,298,299,300,301,302,303,304,305,306,307,308,309,310,311,312,313,314,315,316,317,318,319,320,321,322,323,324,325,326,327,328,329,330,331,332,333,334,335,336,337,338,339,340,341,342,343,344,345,346,347,348,349,350,351,352,353,354,355,356,357,358,359,360,361,362,363,364,365,366,367,368,369,370,371,372,373,374,375,376,377,378,379,380,381,382,383,384,385,386,387,388,389,390,391,392,393,394,395,396,397,398,399,400,401,402,403,404,405,406,407,408,409,410,411,412,413,414,415,416,417,418,419,420,421,422,423,424,425,426,427,428,429,430,431,432,433,434,435,436,437,438,439,440,441,442,443,444,445,446,447,448,449,450,451,452,453,454,455,456,457,458,459,460,461,462,463,464,465,466,467,468,469,470,471,472,473,474,475,476,477,478,479,480,481,482,483,484,485,486,487,488,489,490,491,492,493,494,495,496,497,498,499,500,501,502,503,504,505,506,507,508,509,510,511,512,513,514,515,516,517,518,519,520,521,522,523,524,525,526,527,528,529,530,531,532,533,534,535,536,537,538,539,540,541,542,543,544,545,546,547,548,549,550,551,552,553,554,555,556,557,558,559,560,561,562,563,564,565,566,567,568,569,570,571,572,573,574,575,576,577,578,579,580,581,582,583,584,585,586,587,588,589,590,591,592,593,594,595,596,597,598,599,600
Time,0.0,1.0,2.0,3.0,4.0,5.0,6.0,7.0,8.0,9.0,10.0,11.0,12.0,13.0,14.0,15.0,16.0,17.0,18.0,19.0,20.0,21.0,22.0,23.0,24.0,25.0,26.0,27.0,28.0,29.0,30.0,31.0,32.0,33.0,34.0,35.0,36.0,37.0,38.0,39.0,40.0,41.0,42.0,43.0,44.0,45.0,46.0,47.0,48.0,49.0,50.0,51.0,52.0,53.0,54.0,55.0,56.0,57.0,58.0,59.0,60.0,61.0,62.0,63.0,64.0,65.0,66.0,67.0,68.0,69.0,70.0,71.0,72.0,73.0,74.0,75.0,76.0,77.0,78.0,79.0,80.0,81.0,82.0,83.0,84.0,85.0,86.0,87.0,88.0,89.0,90.0,91.0,92.0,93.0,94.0,95.0,96.0,97.0,98.0,99.0,100.0,101.0,102.0,103.0,104.0,105.0,106.0,107.0,108.0,109.0,110.0,111.0,112.0,113.0,114.0,115.0,116.0,117.0,118.0,119.0,120.0,121.0,122.0,123.0,124.0,125.0,126.0,127.0,128.0,129.0,130.0,131.0,132.0,133.0,134.0,135.0,136.0,137.0,138.0,139.0,140.0,141.0,142.0,143.0,144.0,145.0,146.0,147.0,148.0,149.0,150.0,151.0,152.0,153.0,154.0,155.0,156.0,157.0,158.0,159.0,160.0,161.0,162.0,163.0,164.0,165.0,166.0,167.0,168.0,169.0,170.0,171.0,172.0,173.0,174.0,175.0,176.0,177.0,178.0,179.0,180.0,181.0,182.0,183.0,184.0,185.0,186.0,187.0,188.0,189.0,190.0,191.0,192.0,193.0,194.0,195.0,196.0,197.0,198.0,199.0,200.0,201.0,202.0,203.0,204.0,205.0,206.0,207.0,208.0,209.0,210.0,211.0,212.0,213.0,214.0,215.0,216.0,217.0,218.0,219.0,220.0,221.0,222.0,223.0,224.0,225.0,226.0,227.0,228.0,229.0,230.0,231.0,232.0,233.0,234.0,235.0,236.0,237.0,238.0,239.0,240.0,241.0,242.0,243.0,244.0,245.0,246.0,247.0,248.0,249.0,250.0,251.0,252.0,253.0,254.0,255.0,256.0,257.0,258.0,259.0,260.0,261.0,262.0,263.0,264.0,265.0,266.0,267.0,268.0,269.0,270.0,271.0,272.0,273.0,274.0,275.0,276.0,277.0,278.0,279.0,280.0,281.0,282.0,283.0,284.0,285.0,286.0,287.0,288.0,289.0,290.0,291.0,292.0,293.0,294.0,295.0,296.0,297.0,298.0,299.0,300.0,301.0,302.0,303.0,304.0,305.0,306.0,307.0,308.0,309.0,310.0,311.0,312.0,313.0,314.0,315.0,316.0,317.0,318.0,319.0,320.0,321.0,322.0,323.0,324.0,325.0,326.0,327.0,328.0,329.0,330.0,331.0,332.0,333.0,334.0,335.0,336.0,337.0,338.0,339.0,340.0,341.0,342.0,343.0,344.0,345.0,346.0,347.0,348.0,349.0,350.0,351.0,352.0,353.0,354.0,355.0,356.0,357.0,358.0,359.0,360.0,361.0,362.0,363.0,364.0,365.0,366.0,367.0,368.0,369.0,370.0,371.0,372.0,373.0,374.0,375.0,376.0,377.0,378.0,379.0,380.0,381.0,382.0,383.0,384.0,385.0,386.0,387.0,388.0,389.0,390.0,391.0,392.0,393.0,394.0,395.0,396.0,397.0,398.0,399.0,400.0,401.0,402.0,403.0,404.0,405.0,406.0,407.0,408.0,409.0,410.0,411.0,412.0,413.0,414.0,415.0,416.0,417.0,418.0,419.0,420.0,421.0,422.0,423.0,424.0,425.0,426.0,427.0,428.0,429.0,430.0,431.0,432.0,433.0,434.0,435.0,436.0,437.0,438.0,439.0,440.0,441.0,442.0,443.0,444.0,445.0,446.0,447.0,448.0,449.0,450.0,451.0,452.0,453.0,454.0,455.0,456.0,457.0,458.0,459.0,460.0,461.0,462.0,463.0,464.0,465.0,466.0,467.0,468.0,469.0,470.0,471.0,472.0,473.0,474.0,475.0,476.0,477.0,478.0,479.0,480.0,481.0,482.0,483.0,484.0,485.0,486.0,487.0,488.0,489.0,490.0,491.0,492.0,493.0,494.0,495.0,496.0,497.0,498.0,499.0,500.0,501.0,502.0,503.0,504.0,505.0,506.0,507.0,508.0,509.0,510.0,511.0,512.0,513.0,514.0,515.0,516.0,517.0,518.0,519.0,520.0,521.0,522.0,523.0,524.0,525.0,526.0,527.0,528.0,529.0,530.0,531.0,532.0,533.0,534.0,535.0,536.0,537.0,538.0,539.0,540.0,541.0,542.0,543.0,544.0,545.0,546.0,547.0,548.0,549.0,550.0,551.0,552.0,553.0,554.0,555.0,556.0,557.0,558.0,559.0,560.0,561.0,562.0,563.0,564.0,565.0,566.0,567.0,568.0,569.0,570.0,571.0,572.0,573.0,574.0,575.0,576.0,577.0,578.0,579.0,580.0,581.0,582.0,583.0,584.0,585.0,586.0,587.0,588.0,589.0,590.0,591.0,592.0,593.0,594.0,595.0,596.0,597.0,598.0,599.0,600.0
a1,2.0,2.004139,2.004149,2.008972,2.007601,2.00669,2.010176,2.008508,2.008132,2.007334,2.005275,2.014031,2.012924,2.017308,2.010694,2.009068,2.017325,2.020898,2.028471,2.028126,2.023349,2.023323,2.024729,2.021307,2.02123,2.023619,2.027835,2.026074,2.031136,2.025864,2.021565,2.025066,2.027426,2.025762,2.02437,2.021517,2.0205,2.021478,2.017377,2.019274,2.016683,2.016162,2.018015,2.01831,2.017022,2.023523,2.023078,2.020761,2.019222,2.018372,2.019713,2.018634,2.017736,2.018837,2.019791,2.014601,2.015086,2.012734,2.008584,2.011738,2.009434,2.005814,2.004689,2.005485,2.001005,1.998509,2.000192,2.004565,2.003781,2.002139,2.007415,2.008624,2.008539,2.012184,2.013136,2.015537,2.008806,2.005346,2.006057,2.007354,2.007723,2.009434,2.008245,2.008581,2.006053,2.008429,2.007608,2.008317,2.012129,2.011108,2.01072,2.008693,2.010482,2.010308,2.009021,2.013195,2.010746,2.012328,2.012601,2.010848,2.011457,2.011649,2.008567,2.008109,2.010356,2.010027,2.004804,2.006172,2.008478,2.007339,2.006676,2.006332,2.006112,2.00626,2.008632,2.005584,2.005528,2.00783,2.008162,2.006756,2.004983,2.007414,2.007408,2.01054,2.013404,2.0123,2.011242,2.012075,2.010399,2.006139,2.010283,2.010022,2.011984,2.010399,2.009433,2.006191,2.004756,1.998183,2.000728,2.001382,2.000637,2.002393,2.004591,2.002555,2.001977,2.003709,2.00717,2.010348,2.010559,2.010194,2.01261,2.011859,2.009519,2.009623,2.009854,2.00643,2.002935,2.00213,2.004807,2.010234,2.010011,2.004269,2.002252,2.004333,2.003454,2.002499,2.000716,2.000886,2.000562,1.997622,1.995768,1.997706,2.001793,2.001671,2.005011,2.005424,2.008305,2.00631,2.004516,2.003482,2.003753,2.000498,2.000229,1.999038,1.997705,2.000038,2.002746,2.002357,1.998722,2.000518,2.000615,1.999172,1.999165,2.001586,1.999481,1.999418,2.001731,2.000357,1.998017,1.99619,1.998968,2.001524,2.000067,1.999589,1.998989,1.997281,1.99796,1.995195,1.995181,1.996848,1.999192,1.998233,1.996511,1.995887,1.994408,1.994631,1.999385,2.002126,1.998585,1.997274,1.998354,1.99922,2.000026,2.001791,2.003244,2.001262,2.003018,1.999432,1.997283,1.998042,1.997516,1.996901,1.999923,2.000389,1.999712,1.998433,1.997798,1.99692,1.998874,2.00041,1.999332,2.00122,2.000868,2.001897,2.000158,1.997118,1.999066,1.998172,1.998191,1.997841,1.995837,1.998608,1.998168,1.997381,1.996014,1.996611,1.99929,2.000973,2.001296,1.999916,1.99848,1.99682,1.997723,1.998047,1.996733,1.997017,1.995637,1.995741,1.996907,1.995909,1.995043,1.99607,1.996944,1.996701,1.995702,1.99785,1.995369,1.992557,1.991668,1.990762,1.990892,1.992114,1.992184,1.992631,1.994199,1.995728,1.994552,1.993637,1.995385,1.994962,1.996302,1.996641,1.994622,1.993517,1.991905,1.990483,1.993059,1.995165,1.995978,1.995806,1.996806,1.995723,1.995358,1.9955,1.997362,1.995323,1.997603,1.998888,2.000374,2.00194,2.00166,2.000872,2.00092,2.00299,2.003385,2.002563,2.001388,2.001399,1.999418,1.998655,2.00036,2.00143,2.000427,1.999088,1.998894,1.997856,1.998036,1.996887,1.997159,1.998068,1.998279,1.998024,1.998672,2.000164,1.999795,1.999356,1.998291,1.997573,1.998824,1.997726,2.000046,1.999192,2.000979,2.001609,2.001444,2.000411,1.998607,1.999865,2.001686,2.002618,2.003521,2.00313,2.003194,2.004812,2.004141,2.002374,2.002508,2.000187,2.000881,2.000427,2.00055,1.999027,1.998423,1.998104,1.999244,1.999511,1.999458,1.999503,1.999169,1.998514,1.997905,1.998295,1.996955,1.996903,1.996996,1.997373,1.997318,1.996034,1.997288,1.997284,1.997149,1.99656,1.996085,1.995422,1.996246,1.995344,1.996027,1.996761,1.997085,1.99731,1.99838,1.998714,1.999174,1.999616,2.002106,2.002319,2.00302,2.002673,2.002496,2.002696,2.001968,2.002459,2.002282,2.002497,2.002586,2.002396,2.002356,2.003503,2.004352,2.006811,2.007056,2.006656,2.006086,2.006564,2.00756,2.009123,2.009905,2.009105,2.008677,2.00745,2.007092,2.007026,2.007084,2.006681,2.004615,2.005308,2.004078,2.004581,2.005506,2.005946,2.007173,2.006334,2.005424,2.004926,2.006104,2.00641,2.005664,2.004114,2.005038,2.006973,2.008503,2.008748,2.00833,2.010154,2.008189,2.006203,2.005123,2.005981,2.00679,2.008116,2.006639,2.005716,2.008272,2.006694,2.006335,2.008042,2.009672,2.011097,2.013191,2.012852,2.011035,2.010111,2.010555,2.011372,2.011817,2.012156,2.012085,2.012349,2.012541,2.010673,2.010206,2.010012,2.011027,2.010671,2.012028,2.011998,2.011669,2.009338,2.008352,2.00698,2.004773,2.004225,2.004348,2.004286,2.00534,2.00556,2.006662,2.005998,2.004584,2.00323,2.002525,2.001445,2.001198,2.002332,2.003787,2.004895,2.005167,2.007205,2.007805,2.008685,2.00832,2.006747,2.008111,2.00869,2.006514,2.006983,2.004962,2.005294,2.005726,2.00658,2.006737,2.009102,2.011517,2.011724,2.009542,2.009153,2.008857,2.010275,2.010593,2.012551,2.010682,2.011558,2.012462,2.010636,2.012325,2.012699,2.010704,2.008218,2.009367,2.009616,2.011019,2.010752,2.012387,2.011117,2.010886,2.010419,2.008392,2.008116,2.008,2.005733,2.006571,2.005802,2.007412,2.008331,2.00945,2.012777,2.01502,2.015718,2.01486,2.015058,2.013498,2.012709,2.011075,2.011326,2.012932,2.013183,2.012678,2.012313,2.011837,2.014087,2.013735,2.013474,2.011333,2.011223,2.007951,2.007775,2.006898,2.00792,2.008414,2.010211,2.008108,2.008569,2.008362,2.010199,2.010702,2.010541,2.011069,2.011976,2.013855,2.014968,2.019852,2.018635,2.017259,2.013326,2.015776,2.015509,2.015122,2.020144,2.020166,2.02127,2.01998,2.019486,2.02111,2.021691,2.021051,2.020212,2.019502,2.016678,2.01753,2.019291,2.015594
a2,2.0,1.996044,1.992636,1.993332,1.99636,1.993416,1.989272,1.990889,1.99156,1.987431,1.988486,1.982478,1.985139,1.986322,1.985348,1.982065,1.978692,1.979332,1.975888,1.97449,1.982085,1.978759,1.980475,1.975698,1.972594,1.978523,1.981222,1.980841,1.979346,1.979898,1.985743,1.983908,1.980995,1.981737,1.979886,1.982912,1.984578,1.981377,1.98237,1.978028,1.983255,1.981682,1.983822,1.982758,1.986462,1.983606,1.986176,1.986224,1.986835,1.983295,1.983887,1.983984,1.990655,1.988947,1.985742,1.989135,1.989965,1.990372,1.987631,1.989487,1.990734,1.991464,1.991851,1.992314,1.998488,1.999486,2.003301,1.998558,1.997251,1.997779,1.996118,1.997122,1.995886,1.992674,1.995695,1.996008,2.001785,2.001351,1.999769,1.999815,1.999126,1.990613,1.990086,1.98989,1.993331,1.99628,1.996605,1.993825,1.992428,1.995944,1.99817,1.998355,1.994233,1.995403,1.999688,1.998208,1.995856,1.995278,1.993532,1.98943,1.987786,1.985745,1.9865,1.989665,1.986896,1.989008,1.990445,1.987579,1.990879,1.993864,1.994637,1.994229,1.993817,1.994944,1.99633,1.999187,1.997926,1.997482,1.996338,1.997822,2.001752,2.004452,2.006416,2.004884,2.001962,2.001222,2.00345,2.003099,2.002281,2.006214,2.006088,2.005335,2.004612,2.005529,2.0045,2.006017,2.009332,2.010614,2.007088,2.005993,2.008345,2.008881,2.008396,2.010992,2.012865,2.008267,2.007139,2.004048,2.001775,1.998547,1.996481,1.995141,1.996424,1.998474,1.997823,1.998722,2.001739,2.004533,2.005119,2.003583,2.004751,2.007021,2.006345,2.005662,2.006286,2.006395,2.007,2.002772,2.003666,2.005143,2.00641,2.007037,2.005133,2.002559,1.999004,1.997274,1.995414,1.996354,1.997311,1.998148,1.996268,1.99718,1.994925,1.996381,1.997437,1.997985,1.999181,1.997665,2.00064,2.001132,2.001418,2.00062,2.00309,2.00356,2.004155,2.004621,2.003715,2.004036,2.004902,2.006886,2.00632,2.006016,2.006156,2.005038,2.005305,2.00687,2.0056,2.007924,2.00745,2.006775,2.006246,2.006802,2.006186,2.005024,2.007849,2.0053,2.000192,1.999351,2.000318,2.000141,1.998941,2.000491,2.001714,2.003102,2.001675,2.005391,2.006671,2.007037,2.005099,2.004701,2.006091,2.006819,2.005457,2.004602,2.004899,2.006559,2.006825,2.00654,2.006537,2.005017,2.004665,2.001512,2.000433,1.999328,2.000432,2.002129,2.001632,2.002153,2.003792,2.001582,2.002803,1.999646,2.000938,2.003276,2.006263,2.006777,2.008112,2.004377,2.003806,2.001143,2.001493,2.00055,1.999849,1.999605,2.001604,2.000741,2.001907,2.005497,2.002841,2.003068,2.004855,2.004493,2.001655,2.002522,2.002798,2.002406,2.005785,2.006643,2.007966,2.010146,2.011276,2.009525,2.009262,2.010113,2.009581,2.009295,2.008492,2.005749,2.005158,2.004476,2.004616,2.003285,2.004668,2.004986,2.006967,2.011408,2.01206,2.008677,2.00887,2.007295,2.006769,2.008088,2.008626,2.007744,2.005013,2.005693,2.0052,2.006058,2.005015,2.004439,2.006269,2.00405,2.005358,2.004866,2.003906,2.003729,2.004925,2.005318,2.006042,2.006311,2.004105,2.003891,2.003679,2.005878,2.006005,2.006803,2.007646,2.009059,2.009806,2.009028,2.007386,2.007595,2.005052,2.003558,2.002783,2.000749,2.002102,2.003308,2.003012,2.005021,2.00529,2.005634,2.003563,2.004638,2.004828,2.0064,2.007131,2.007465,2.005523,2.004312,2.003215,2.001068,2.000666,1.999074,1.998415,1.999388,1.99877,2.000281,2.001308,2.001732,2.001557,2.00405,2.005423,2.005434,2.003267,2.003053,2.002316,2.001596,2.002582,2.003103,2.003712,2.00337,2.006148,2.005734,2.005423,2.004687,2.005016,2.005438,2.005346,2.00613,2.006245,2.006644,2.004046,2.003545,2.002912,2.00314,2.001733,2.00299,2.002026,2.000943,1.999845,1.998308,1.999158,1.999234,1.997695,1.997089,1.995934,1.996319,1.996043,1.995842,1.996964,1.996694,1.996777,1.995959,1.996841,1.99777,1.998058,1.997784,1.996952,1.994953,1.994736,1.996898,1.997903,1.99772,1.997018,1.995219,1.993261,1.993675,1.993198,1.994882,1.996292,1.996542,1.996215,1.996558,1.998576,1.997562,1.999348,1.999156,1.997083,1.997423,1.996762,1.995955,1.996389,1.997591,1.997073,1.996993,1.998126,2.000177,2.000163,1.998029,1.996336,1.995734,1.9958,1.994411,1.994972,1.994959,1.996058,1.994867,1.995018,1.994346,1.995672,1.99668,1.994812,1.995472,1.99596,1.994433,1.992261,1.991236,1.990707,1.991419,1.99393,1.99377,1.994377,1.994517,1.992797,1.992397,1.994262,1.994186,1.994891,1.993442,1.99413,1.99381,1.993024,1.993717,1.992373,1.992906,1.992915,1.994668,1.995256,1.995559,1.998059,1.998205,1.996975,1.996756,1.995615,1.994734,1.994226,1.996239,1.995827,1.997639,1.998014,1.997266,1.998628,1.996375,1.99519,1.994226,1.994346,1.99313,1.99316,1.993014,1.992597,1.994911,1.9947,1.995235,1.994691,1.994046,1.995854,1.995847,1.995064,1.994924,1.993091,1.991775,1.991069,1.99103,1.992992,1.992365,1.993674,1.993099,1.991718,1.990154,1.991939,1.990087,1.989855,1.989855,1.988038,1.989281,1.991153,1.994249,1.992637,1.991978,1.989206,1.988958,1.98837,1.989069,1.988332,1.986695,1.99001,1.99296,1.992773,1.998711,1.999576,1.997815,1.997691,1.996312,1.993219,1.990548,1.989153,1.990866,1.989748,1.986549,1.984978,1.985541,1.983909,1.982207,1.981957,1.983257,1.984428,1.985417,1.986745,1.98691,1.987671,1.987011,1.986904,1.982809,1.982357,1.984552,1.984976,1.986318,1.986602,1.984835,1.983876,1.984738,1.985949,1.984096,1.984131,1.985216,1.986076,1.985453,1.986036,1.984167,1.983043,1.984219,1.985009,1.984466,1.983871,1.985694,1.986513,1.98497,1.984755,1.98458,1.985702,1.986863,1.986159,1.988273,1.991319,1.99481,1.991969,1.991174,1.992294,1.990279,1.991551
a3,2.0,1.999825,2.003235,1.997728,1.99606,1.999916,2.000607,2.000642,2.000343,2.005295,2.006289,2.00362,2.002035,1.996495,2.004044,2.008989,2.004176,1.999986,1.995992,1.997745,1.994789,1.998168,1.99505,2.003259,2.006487,1.998114,1.991242,1.993357,1.989891,1.994513,1.992871,1.991266,1.991873,1.992763,1.995997,1.995764,1.995092,1.997349,2.000406,2.002914,2.000202,2.002306,1.99831,1.99909,1.996637,1.993088,1.990946,1.993181,1.994087,1.998488,1.996564,1.997534,1.991726,1.99235,1.994622,1.996351,1.995038,1.99696,2.003846,1.998837,1.999876,2.002751,2.003485,2.002224,2.000508,2.002007,1.996513,1.996885,1.998973,2.000085,1.996488,1.994283,1.995602,1.995198,1.991236,1.988552,1.989458,1.993322,1.994191,1.992857,1.993178,1.999997,2.001711,2.001574,2.000636,1.995318,1.995809,1.997885,1.995499,1.992995,1.99116,1.992983,1.995326,1.994329,1.991331,1.988674,1.993441,1.992451,1.993926,1.999779,2.000827,2.002692,2.005003,2.00227,2.002821,2.00102,2.004785,2.006307,2.000681,1.99882,1.998706,1.999458,2.00009,1.998812,1.995066,1.995243,1.996558,1.994712,1.995526,1.99544,1.993283,1.988188,1.986247,1.984669,1.984738,1.986562,1.985396,1.984922,1.987388,1.987704,1.98373,1.984734,1.983513,1.98417,1.986143,1.987847,1.985989,1.991251,1.992211,1.992648,1.991055,1.988778,1.987078,1.98653,1.985255,1.988081,1.985767,1.985687,1.987733,1.991304,1.990972,1.993053,1.994092,1.991943,1.992363,1.994865,1.995334,1.993355,1.990111,1.98626,1.985323,1.988759,1.991433,1.990043,1.990297,1.991137,1.992311,1.996347,1.99578,1.997245,1.997838,1.995276,1.993093,1.995776,1.995995,1.997313,1.996307,1.997352,1.998181,1.998374,1.999986,2.002326,2.004859,2.004591,2.004866,2.001979,1.998077,1.99998,2.000638,1.998351,1.997969,2.000208,1.997748,1.994865,1.996372,1.99597,1.994566,1.995616,1.99709,1.996942,1.994729,1.992484,1.993796,1.995384,1.995718,1.995867,1.996452,1.996904,1.99739,1.996395,1.994579,1.994983,1.997317,1.9991,1.997768,2.000084,2.000422,1.998525,2.001098,2.002589,2.002708,2.000289,1.998262,1.995117,1.995091,1.993366,1.990347,1.993553,1.997628,1.997265,1.996408,1.996298,1.994635,1.995021,1.9954,1.995026,1.995395,1.996557,1.994607,1.994586,1.996013,1.99727,1.9987,1.998777,1.99941,2.000756,1.999302,1.999677,1.998023,2.000579,2.001367,2.001747,2.000895,1.999347,1.997738,1.996629,1.992628,1.994662,1.994909,1.998941,2.000028,2.002635,2.002431,2.00235,2.001667,2.002246,2.002463,1.998775,2.000256,2.001029,2.000114,1.999446,2.001404,2.000781,2.001508,1.999748,1.99886,2.000825,2.000399,1.999139,1.997886,1.9984,1.998591,1.997297,1.996255,1.995009,1.996984,2.000633,1.999469,2.000574,1.999092,2.00008,2.000722,2.001514,2.001157,1.998165,1.994936,1.996186,1.995182,1.996919,1.996443,1.996213,1.996044,1.996778,1.997634,1.998998,1.997207,1.99507,1.994625,1.993637,1.992097,1.995089,1.993739,1.992167,1.99273,1.993723,1.993703,1.993302,1.994557,1.99505,1.995544,1.994691,1.995903,1.995049,1.995117,1.995359,1.994342,1.994085,1.993073,1.992938,1.994358,1.994404,1.996286,1.996285,1.997425,1.999895,1.999609,1.999124,1.998167,1.997262,1.994679,1.995188,1.995467,1.993769,1.993744,1.993212,1.994283,1.992697,1.992811,1.993089,1.993281,1.99581,1.996146,1.996123,1.997451,1.99824,1.998724,1.999533,1.997813,1.997844,1.997895,1.99693,1.996165,1.996473,1.997494,1.997441,1.998229,1.998902,1.998252,1.998387,1.998389,1.99834,1.996911,1.997375,1.997593,1.997949,1.997675,1.998541,1.997378,1.9966,1.996621,1.996812,1.999877,2.001041,2.000848,2.001524,2.002245,2.000254,2.000892,2.00175,2.001776,2.002981,2.001669,2.001151,2.000201,2.000595,2.001053,2.001013,2.001467,2.001469,2.001072,2.000851,2.000946,2.001551,2.000578,1.999836,1.999588,1.998718,1.998703,1.998255,1.998228,1.996462,1.996025,1.995733,1.995444,1.995689,1.996872,1.997252,1.998157,1.99769,1.996634,1.996451,1.996719,1.996778,1.996817,1.99714,1.996581,1.996271,1.997422,1.996644,1.996084,1.997727,1.998199,1.997491,1.996837,1.996613,1.996223,1.995717,1.994811,1.995017,1.995188,1.995547,1.995896,1.995474,1.996865,1.998855,1.99883,1.999168,1.998211,1.997563,1.997705,1.997617,1.996943,1.997852,1.99772,1.99755,1.998106,1.997718,1.99617,1.995793,1.995081,1.996158,1.99511,1.994159,1.995438,1.995504,1.993708,1.993522,1.992628,1.995928,1.995703,1.996216,1.995996,1.995654,1.995654,1.99515,1.995468,1.996026,1.996419,1.997479,1.997177,1.997577,1.998685,1.998965,1.999057,1.999721,1.999132,1.997776,1.999599,1.999135,1.999463,2.001292,2.000175,2.001298,2.001033,2.000893,2.000502,1.999689,1.999061,1.998333,1.999114,1.99836,1.997215,1.996103,1.998813,1.998992,1.999194,1.99887,1.999225,1.998514,2.000196,1.999161,1.997469,1.997303,1.997503,1.998518,1.997501,1.996667,1.997735,1.99736,1.997425,1.998414,1.997749,1.999563,1.99971,1.99809,1.998192,1.99756,1.998033,1.998446,1.999835,2.000349,1.999316,1.999874,2.000846,2.00296,2.001642,1.998953,1.999256,1.995569,1.993874,1.996396,1.994919,1.995384,1.997366,1.996741,1.995917,1.993509,1.995479,1.998495,2.001626,2.001844,2.005118,2.006589,2.005242,2.003677,2.002997,2.002362,2.001498,1.999096,1.99868,1.999603,2.001839,2.006083,2.00981,2.007764,2.008211,2.005834,2.005053,2.005044,2.008114,2.006782,2.005765,2.005803,2.005266,2.004331,2.002937,2.002663,2.000206,2.000984,1.997277,1.997297,1.997863,2.002314,2.00048,1.998909,1.998468,1.995051,1.995244,1.994331,1.994476,1.993799,1.992902,1.990211,1.987797,1.985141,1.988672,1.992252,1.990291,1.990569,1.992946
