,0,1,2,3,4,5,6,7,8,9,10,11,12,13,14,15,16,17,18,19,20,21,22,23,24,25,26,27,28,29,30,31,32,33,34,35,36,37,38,39,40,41,42,43,44,45,46,47,48,49,50,51,52,53,54,55,56,57,58,59,60,61,62,63,64,65,66,67,68,69,70,71,72,73,74,75,76,77,78,79,80,81,82,83,84,85,86,87,88,89,90,91,92,93,94,95,96,97,98,99,100,101,102,103,104,105,106,107,108,109,110,111,112,113,114,115,116,117,118,119,120,121,122,123,124,125,126,127,128,129,130,131,132,133,134,135,136,137,138,139,140,141,142,143,144,145,146,147,148,149,150,151,152,153,154,155,156,157,158,159,160,161,162,163,164,165,166,167,168,169,170,171,172,173,174,175,176,177,178,179,180,181,182,183,184,185,186,187,188,189,190,191,192,193,194,195,196,197,198,199,200,201,202,203,204,205,206,207,208,209,210,211,212,213,214,215,216,217,218,219,220,221,222,223,224,225,226,227,228,229,230,231,232,233,234,235,236,237,238,239,240,241,242,243,244,245,246,247,248,249,250,251,252,253,254,255,256,257,258,259,260,261,262,263,264,265,266,267,268,269,270,271,272,273,274,275,276,277,278,279,280,281,282,283,284,285,286,287,288,289,290,291,292,293,294,295,296,297,298,299,300,301,302,303,304,305,306,307,308,309,310,311,312,313,314,315,316,317,318,319,320,321,322,323,324,325,326,327,328,329,330,331,332,333,334,335,336,337,338,339,340,341,342,343,344,345,346,347,348,349,350,351,352,353,354,355,356,357,358,359,360,361,362,363,364,365,366,367,368,369,370,371,372,373,374,375,376,377,378,379,380,381,382,383,384,385,386,387,388,389,390,391,392,393,394,395,396,397,398,399,400,401,402,403,404,405,406,407,408,409,410,411,412,413,414,415,416,417,418,419,420,421,422,423,424,425,426,427,428,429,430,431,432,433,434,435,436,437,438,439,440,441,442,443,444,445,446,447,448,449,450,451,452,453,454,455,456,457,458,459,460,461,462,463,464,465,466,467,468,469,470,471,472,473,474,475,476,477,478,479,480,481,482,483,484,485,486,487,488,489,490,491,492,493,494,495,496,497,498,499,500,501,502,503,504,505,506,507,508,509,510,511,512,513,514,515,516,517,518,519,520,521,522,523,524,525,526,527,528,529,530,531,532,533,534,535,536,537,538,539,540,541,542,543,544,545,546,547,548,549,550,551,552,553,554,555,556,557,558,559,560,561,562,563,564,565,566,567,568,569,570,571,572,573,574,575,576,577,578,579,580,581,582,583,584,585,586,587,588,589,590,591,592,593,594,595,596,597,598,599,600
Time,0.0,1.0,2.0,3.0,4.0,5.0,6.0,7.0,8.0,9.0,10.0,11.0,12.0,13.0,14.0,15.0,16.0,17.0,18.0,19.0,20.0,21.0,22.0,23.0,24.0,25.0,26.0,27.0,28.0,29.0,30.0,31.0,32.0,33.0,34.0,35.0,36.0,37.0,38.0,39.0,40.0,41.0,42.0,43.0,44.0,45.0,46.0,47.0,48.0,49.0,50.0,51.0,52.0,53.0,54.0,55.0,56.0,57.0,58.0,59.0,60.0,61.0,62.0,63.0,64.0,65.0,66.0,67.0,68.0,69.0,70.0,71.0,72.0,73.0,74.0,75.0,76.0,77.0,78.0,79.0,80.0,81.0,82.0,83.0,84.0,85.0,86.0,87.0,88.0,89.0,90.0,91.0,92.0,93.0,94.0,95.0,96.0,97.0,98.0,99.0,100.0,101.0,102.0,103.0,104.0,105.0,106.0,107.0,108.0,109.0,110.0,111.0,112.0,113.0,114.0,115.0,116.0,117.0,118.0,119.0,120.0,121.0,122.0,123.0,124.0,125.0,126.0,127.0,128.0,129.0,130.0,131.0,132.0,133.0,134.0,135.0,136.0,137.0,138.0,139.0,140.0,141.0,142.0,143.0,144.0,145.0,146.0,147.0,148.0,149.0,150.0,151.0,152.0,153.0,154.0,155.0,156.0,157.0,158.0,159.0,160.0,161.0,162.0,163.0,164.0,165.0,166.0,167.0,168.0,169.0,170.0,171.0,172.0,173.0,174.0,175.0,176.0,177.0,178.0,179.0,180.0,181.0,182.0,183.0,184.0,185.0,186.0,187.0,188.0,189.0,190.0,191.0,192.0,193.0,194.0,195.0,196.0,197.0,198.0,199.0,200.0,201.0,202.0,203.0,204.0,205.0,206.0,207.0,208.0,209.0,210.0,211.0,212.0,213.0,214.0,215.0,216.0,217.0,218.0,219.0,220.0,221.0,222.0,223.0,224.0,225.0,226.0,227.0,228.0,229.0,230.0,231.0,232.0,233.0,234.0,235.0,236.0,237.0,238.0,239.0,240.0,241.0,242.0,243.0,244.0,245.0,246.0,247.0,248.0,249.0,250.0,251.0,252.0,253.0,254.0,255.0,256.0,257.0,258.0,259.0,260.0,261.0,262.0,263.0,264.0,265.0,266.0,267.0,268.0,269.0,270.0,271.0,272.0,273.0,274.0,275.0,276.0,277.0,278.0,279.0,280.0,281.0,282.0,283.0,284.0,285.0,286.0,287.0,288.0,289.0,290.0,291.0,292.0,293.0,294.0,295.0,296.0,297.0,298.0,299.0,300.0,301.0,302.0,303.0,304.0,305.0,306.0,307.0,308.0,309.0,310.0,311.0,312.0,313.0,314.0,315.0,316.0,317.0,318.0,319.0,320.0,321.0,322.0,323.0,324.0,325.0,326.0,327.0,328.0,329.0,330.0,331.0,332.0,333.0,334.0,335.0,336.0,337.0,338.0,339.0,340.0,341.0,342.0,343.0,344.0,345.0,346.0,347.0,348.0,349.0,350.0,351.0,352.0,353.0,354.0,355.0,356.0,357.0,358.0,359.0,360.0,361.0,362.0,363.0,364.0,365.0,366.0,367.0,368.0,369.0,370.0,371.0,372.0,373.0,374.0,375.0,376.0,377.0,378.0,379.0,380.0,381.0,382.0,383.0,384.0,385.0,386.0,387.0,388.0,389.0,390.0,391.0,392.0,393.0,394.0,395.0,396.0,397.0,398.0,399.0,400.0,401.0,402.0,403.0,404.0,405.0,406.0,407.0,408.0,409.0,410.0,411.0,412.0,413.0,414.0,415.0,416.0,417.0,418.0,419.0,420.0,421.0,422.0,423.0,424.0,425.0,426.0,427.0,428.0,429.0,430.0,431.0,432.0,433.0,434.0,435.0,436.0,437.0,438.0,439.0,440.0,441.0,442.0,443.0,444.0,445.0,446.0,447.0,448.0,449.0,450.0,451.0,452.0,453.0,454.0,455.0,456.0,457.0,458.0,459.0,460.0,461.0,462.0,463.0,464.0,465.0,466.0,467.0,468.0,469.0,470.0,471.0,472.0,473.0,474.0,475.0,476.0,477.0,478.0,479.0,480.0,481.0,482.0,483.0,484.0,485.0,486.0,487.0,488.0,489.0,490.0,491.0,492.0,493.0,494.0,495.0,496.0,497.0,498.0,499.0,500.0,501.0,502.0,503.0,504.0,505.0,506.0,507.0,508.0,509.0,510.0,511.0,512.0,513.0,514.0,515.0,516.0,517.0,518.0,519.0,520.0,521.0,522.0,523.0,524.0,525.0,526.0,527.0,528.0,529.0,530.0,531.0,532.0,533.0,534.0,535.0,536.0,537.0,538.0,539.0,540.0,541.0,542.0,543.0,544.0,545.0,546.0,547.0,548.0,549.0,550.0,551.0,552.0,553.0,554.0,555.0,556.0,557.0,558.0,559.0,560.0,561.0,562.0,563.0,564.0,565.0,566.0,567.0,568.0,569.0,570.0,571.0,572.0,573.0,574.0,575.0,576.0,577.0,578.0,579.0,580.0,581.0,582.0,583.0,584.0,585.0,586.0,587.0,588.0,589.0,590.0,591.0,592.0,593.0,594.0,595.0,596.0,597.0,598.0,599.0,600.0
a1,0.5,0.498024,0.498515,0.498008,0.499786,0.49927,0.499943,0.502613,0.502417,0.502989,0.501893,0.50084,0.499995,0.499892,0.500307,0.499957,0.500377,0.499534,0.499625,0.499571,0.498888,0.498499,0.499229,0.499134,0.498734,0.499224,0.499502,0.499404,0.499819,0.499747,0.499218,0.498536,0.497698,0.498491,0.499233,0.499187,0.499608,0.499749,0.499731,0.499379,0.49936,0.499534,0.499014,0.499145,0.498965,0.498388,0.498876,0.498768,0.498896,0.498595,0.497669,0.497697,0.497857,0.498297,0.497852,0.497515,0.497522,0.498387,0.497229,0.496463,0.497432,0.497049,0.495843,0.494459,0.492613,0.491086,0.492693,0.494536,0.49648,0.497166,0.497812,0.498362,0.498148,0.49792,0.497347,0.497424,0.498204,0.498548,0.497943,0.498333,0.49934,0.501452,0.500863,0.499869,0.49975,0.500089,0.500212,0.500814,0.50058,0.500501,0.499856,0.49903,0.499939,0.500048,0.50021,0.499261,0.499203,0.497578,0.497556,0.498356,0.499718,0.502403,0.502822,0.502925,0.502788,0.503578,0.503479,0.504394,0.502268,0.501521,0.501834,0.5048,0.505223,0.502754,0.501285,0.499491,0.498139,0.497092,0.499141,0.500009,0.499998,0.500215,0.500698,0.499816,0.500806,0.498941,0.499527,0.499515,0.498937,0.498384,0.498929,0.498851,0.497712,0.496918,0.497444,0.497072,0.495934,0.494974,0.495378,0.496065,0.494419,0.493375,0.49091,0.489255,0.488329,0.487297,0.485895,0.486718,0.485544,0.484285,0.485065,0.48466,0.485241,0.484664,0.484797,0.484284,0.482609,0.482444,0.482711,0.482066,0.481837,0.481896,0.481644,0.480797,0.480889,0.479599,0.47923,0.478957,0.478014,0.478444,0.480064,0.47936,0.478747,0.478847,0.479451,0.477966,0.478324,0.477186,0.476743,0.476304,0.475807,0.474071,0.473221,0.473199,0.473181,0.472012,0.471581,0.471582,0.470936,0.470755,0.469632,0.468746,0.467231,0.467398,0.466652,0.466446,0.467113,0.465149,0.466731,0.465897,0.465531,0.464955,0.465266,0.464749,0.464461,0.464251,0.463981,0.462012,0.460846,0.461464,0.460536,0.459885,0.459471,0.457133,0.456107,0.454848,0.453799,0.451495,0.450526,0.450902,0.449704,0.447937,0.448584,0.448231,0.448934,0.446918,0.447211,0.445793,0.444979,0.443969,0.443091,0.442751,0.442462,0.441882,0.440407,0.439377,0.43793,0.437908,0.436829,0.436942,0.435911,0.435272,0.434293,0.433543,0.433244,0.432492,0.431062,0.429606,0.429123,0.428154,0.427482,0.426996,0.426711,0.424315,0.424156,0.422511,0.422041,0.42173,0.420922,0.421423,0.420819,0.419234,0.418493,0.417892,0.417952,0.416443,0.416083,0.415356,0.413933,0.413244,0.412895,0.411438,0.410841,0.410274,0.409673,0.40928,0.408467,0.408817,0.407062,0.407215,0.406699,0.405837,0.404949,0.404019,0.403701,0.402885,0.401287,0.400816,0.399821,0.399463,0.39925,0.398585,0.398434,0.397032,0.396853,0.39572,0.395387,0.394318,0.393783,0.392911,0.393604,0.39232,0.391839,0.390218,0.39024,0.389701,0.388845,0.388692,0.38819,0.387336,0.386669,0.386769,0.384923,0.384921,0.384935,0.384472,0.384253,0.382814,0.38232,0.381872,0.381137,0.380683,0.380211,0.380116,0.378615,0.378542,0.377465,0.37792,0.37733,0.376469,0.375881,0.375098,0.374916,0.374192,0.374022,0.372732,0.372833,0.371954,0.371482,0.3718,0.370843,0.3708,0.370056,0.369215,0.36816,0.368054,0.368262,0.367651,0.366511,0.365973,0.36524,0.36562,0.364842,0.364385,0.363708,0.363522,0.362969,0.362337,0.361843,0.361126,0.360894,0.36117,0.360656,0.359256,0.358708,0.357897,0.357634,0.357933,0.357696,0.356174,0.356494,0.355683,0.355235,0.354208,0.354141,0.353833,0.353722,0.352352,0.352736,0.352169,0.351893,0.351712,0.351755,0.350516,0.350332,0.349266,0.348545,0.348868,0.348214,0.347724,0.347418,0.346773,0.345836,0.345876,0.34562,0.345363,0.345187,0.344041,0.34414,0.343526,0.342933,0.342778,0.342093,0.342543,0.342549,0.341905,0.341487,0.3403,0.339478,0.338799,0.339185,0.338982,0.338952,0.337846,0.337604,0.337531,0.336783,0.336527,0.335927,0.336075,0.335407,0.33539,0.334705,0.334293,0.334309,0.333511,0.33235,0.331965,0.332231,0.332116,0.331234,0.331353,0.330585,0.330341,0.329996,0.329641,0.329479,0.328957,0.328693,0.328111,0.327547,0.327275,0.32752,0.327163,0.327095,0.326311,0.325968,0.325699,0.326054,0.32504,0.32464,0.324561,0.324353,0.32346,0.323745,0.322821,0.322266,0.32228,0.32238,0.32179,0.32113,0.320584,0.320327,0.320118,0.31998,0.319472,0.319483,0.318536,0.318122,0.317515,0.317145,0.316985,0.316542,0.316587,0.316204,0.315746,0.31543,0.315632,0.315512,0.314712,0.314073,0.313629,0.313974,0.314116,0.313244,0.312508,0.311878,0.311733,0.310594,0.310786,0.310692,0.309998,0.310752,0.309455,0.309786,0.308613,0.308267,0.30795,0.308501,0.30838,0.308018,0.308054,0.307687,0.307234,0.307319,0.30716,0.306472,0.306216,0.305485,0.305618,0.305201,0.304663,0.304508,0.304558,0.303035,0.303912,0.303825,0.303136,0.302621,0.302578,0.301853,0.302102,0.301957,0.301643,0.300829,0.300333,0.299508,0.299563,0.299117,0.298961,0.298932,0.299136,0.299067,0.299135,0.299445,0.298174,0.297641,0.297966,0.297426,0.297269,0.297783,0.295811,0.296042,0.295967,0.296016,0.29555,0.2952,0.295073,0.29462,0.293627,0.294087,0.293761,0.294536,0.294383,0.293693,0.293747,0.293619,0.292939,0.292803,0.292365,0.290824,0.291717,0.29083,0.290344,0.289913,0.289811,0.29005,0.289226,0.288758,0.288219,0.288336,0.287296,0.287912,0.289069,0.287749,0.287877,0.28767,0.288,0.286937,0.28667,0.285992,0.286179,0.285702,0.285447,0.285407,0.285655,0.285266,0.284558,0.284382,0.283881,0.283646,0.283611,0.284273,0.283974,0.283493,0.283569,0.28347,0.282824,0.281552,0.282006,0.282622
a2,0.5,0.500978,0.500947,0.501742,0.50056,0.501734,0.502424,0.499729,0.49773,0.497427,0.499919,0.500895,0.503169,0.501836,0.501204,0.502255,0.500796,0.501089,0.501613,0.501304,0.501967,0.501137,0.499566,0.500426,0.500592,0.500656,0.500832,0.501116,0.501183,0.500802,0.500028,0.499342,0.498566,0.499028,0.498858,0.499046,0.499136,0.499478,0.499826,0.499732,0.499657,0.499707,0.500172,0.499997,0.499395,0.498512,0.498759,0.498565,0.498688,0.498391,0.497725,0.497775,0.497531,0.497706,0.497475,0.497826,0.497753,0.497834,0.498421,0.498502,0.497433,0.496904,0.496725,0.496832,0.496849,0.495931,0.496528,0.49764,0.498175,0.498651,0.499521,0.49945,0.498928,0.49938,0.501044,0.5015,0.50035,0.500265,0.500413,0.500662,0.499813,0.499118,0.498627,0.499957,0.500777,0.500573,0.499513,0.499215,0.499351,0.499667,0.498986,0.498735,0.499263,0.500034,0.501108,0.500601,0.500097,0.499408,0.500165,0.499814,0.499613,0.498292,0.498981,0.499362,0.498483,0.498737,0.499212,0.497602,0.500197,0.498963,0.498184,0.497788,0.496451,0.498595,0.498327,0.496743,0.495151,0.493942,0.496055,0.498223,0.49864,0.499971,0.499691,0.500016,0.499561,0.500152,0.499142,0.498049,0.498773,0.499253,0.49824,0.497308,0.496848,0.496336,0.497036,0.496704,0.495874,0.495301,0.495286,0.494762,0.495531,0.495643,0.495817,0.496991,0.497011,0.497668,0.497974,0.496478,0.494466,0.492442,0.491855,0.490545,0.489079,0.488713,0.48793,0.485833,0.483579,0.482028,0.481132,0.479291,0.479012,0.479397,0.478593,0.479214,0.478741,0.477848,0.478709,0.478192,0.477749,0.478544,0.477677,0.477671,0.476692,0.477396,0.477558,0.476358,0.476921,0.475499,0.474939,0.474143,0.472954,0.471521,0.471298,0.471494,0.471391,0.471343,0.471747,0.472118,0.472444,0.472472,0.470566,0.471119,0.469572,0.468828,0.4683,0.468509,0.467987,0.465917,0.46792,0.467427,0.466917,0.466094,0.46613,0.465397,0.464468,0.464047,0.463998,0.463304,0.462529,0.461866,0.461493,0.460214,0.460234,0.457317,0.455207,0.454984,0.454084,0.453229,0.45325,0.454204,0.45252,0.450767,0.451174,0.450259,0.449478,0.448035,0.44757,0.446135,0.445109,0.443779,0.443097,0.443,0.442298,0.441074,0.440666,0.439856,0.438068,0.437448,0.436526,0.435376,0.434992,0.433937,0.433595,0.43236,0.432525,0.432286,0.431226,0.429365,0.429519,0.428422,0.427582,0.426156,0.426101,0.424388,0.424594,0.42325,0.423022,0.421757,0.421337,0.421433,0.420227,0.419121,0.417851,0.417617,0.417261,0.416634,0.416038,0.415112,0.413174,0.412569,0.412522,0.41152,0.411425,0.410469,0.410535,0.410114,0.40847,0.408545,0.407201,0.406909,0.406505,0.405131,0.404571,0.403122,0.404105,0.402136,0.400547,0.401122,0.400124,0.40015,0.398334,0.398689,0.39741,0.397129,0.396232,0.395603,0.394928,0.394751,0.394167,0.393757,0.393923,0.392535,0.391551,0.391686,0.390898,0.389809,0.389402,0.389434,0.388595,0.387136,0.386393,0.386632,0.386102,0.386093,0.384628,0.382745,0.382951,0.382674,0.382323,0.382394,0.38145,0.380987,0.380002,0.379266,0.379226,0.378824,0.377538,0.37744,0.377351,0.376587,0.376597,0.375927,0.375259,0.374504,0.373674,0.373562,0.373528,0.371906,0.37176,0.37134,0.371245,0.370561,0.369562,0.368798,0.368015,0.368858,0.368049,0.367173,0.366367,0.366335,0.365892,0.365424,0.364771,0.3645,0.364143,0.363323,0.363105,0.362804,0.361452,0.3616,0.360892,0.3606,0.359877,0.359857,0.358916,0.359215,0.358808,0.358337,0.357667,0.356139,0.356325,0.355338,0.354999,0.354974,0.355079,0.354342,0.354005,0.353438,0.352299,0.352707,0.351586,0.351959,0.350927,0.35123,0.350081,0.350126,0.349613,0.348969,0.347658,0.347675,0.346799,0.34693,0.346456,0.345541,0.345082,0.345209,0.344575,0.345253,0.344171,0.34365,0.34307,0.342961,0.341693,0.341963,0.341808,0.341191,0.34123,0.340404,0.340148,0.339643,0.338952,0.339106,0.338414,0.33847,0.337793,0.337678,0.337154,0.335375,0.335806,0.335598,0.335946,0.334766,0.333705,0.333746,0.333909,0.33318,0.333106,0.332675,0.333128,0.331682,0.331389,0.330632,0.330501,0.329979,0.329835,0.329875,0.32928,0.327882,0.328315,0.32791,0.32797,0.327233,0.327218,0.326997,0.326693,0.32636,0.325994,0.325766,0.325037,0.324912,0.324699,0.324542,0.324338,0.323443,0.322834,0.322478,0.322627,0.321716,0.321538,0.321437,0.320771,0.320962,0.31972,0.320162,0.320016,0.319431,0.319157,0.318382,0.317588,0.31752,0.316481,0.316793,0.316754,0.316013,0.315532,0.315971,0.315067,0.315805,0.315399,0.315063,0.314459,0.314054,0.312416,0.312952,0.313053,0.312447,0.312949,0.311643,0.311506,0.311256,0.310638,0.31014,0.309529,0.310224,0.309103,0.309598,0.308754,0.308731,0.30811,0.30776,0.307828,0.307508,0.307095,0.307529,0.30678,0.307111,0.306504,0.305799,0.305817,0.305191,0.305439,0.304716,0.304308,0.304188,0.304081,0.30358,0.304008,0.303303,0.302605,0.302336,0.30228,0.301926,0.300982,0.301168,0.300388,0.29985,0.300084,0.299277,0.299194,0.298327,0.298463,0.298675,0.29881,0.298368,0.297767,0.298486,0.298654,0.298012,0.297764,0.297797,0.297242,0.297309,0.296434,0.296034,0.295445,0.294926,0.295209,0.295327,0.294265,0.295136,0.295103,0.294194,0.293917,0.294134,0.293549,0.293389,0.293058,0.293053,0.292221,0.29201,0.292573,0.290881,0.291507,0.291109,0.290968,0.290234,0.289515,0.289408,0.289425,0.288987,0.288939,0.28909,0.288299,0.287338,0.287837,0.28793,0.288096,0.286655,0.286675,0.286425,0.286293,0.285379,0.285676,0.285377,0.28483,0.28382,0.284724,0.284536,0.284646,0.284795,0.284453,0.284421,0.283533,0.283576,0.283586,0.282512,0.282298,0.282545,0.282878,0.282556,0.281465
a3,0.5,0.501005,0.500542,0.500257,0.499654,0.499,0.497644,0.49767,0.499864,0.4996,0.498195,0.49827,0.496856,0.498278,0.498494,0.497798,0.49883,0.499379,0.498766,0.499128,0.499151,0.500368,0.501206,0.500441,0.500676,0.500121,0.499667,0.499482,0.499001,0.499452,0.500755,0.502129,0.503757,0.502491,0.501915,0.501772,0.501258,0.500774,0.500443,0.50089,0.500984,0.500761,0.500816,0.500859,0.501644,0.503115,0.502374,0.502678,0.502424,0.503027,0.504639,0.504559,0.504644,0.504022,0.504705,0.504692,0.504759,0.5038,0.504379,0.505076,0.505175,0.506102,0.507516,0.508827,0.510716,0.513252,0.510963,0.507921,0.505391,0.50421,0.502679,0.502196,0.502937,0.502711,0.50162,0.501086,0.501451,0.50119,0.501652,0.50101,0.500848,0.499433,0.500513,0.500173,0.499474,0.499338,0.500275,0.499972,0.500069,0.499832,0.50116,0.502243,0.500799,0.499918,0.498685,0.500139,0.500701,0.503029,0.50229,0.501836,0.500669,0.499315,0.498209,0.497728,0.498741,0.497704,0.49733,0.498032,0.497546,0.49952,0.499989,0.497446,0.498369,0.498662,0.500392,0.50379,0.506782,0.509093,0.504844,0.501775,0.501366,0.499814,0.499612,0.500168,0.499634,0.500909,0.501334,0.502447,0.502297,0.502372,0.502843,0.503864,0.505484,0.506816,0.505566,0.506282,0.508294,0.509869,0.509467,0.509301,0.510203,0.511168,0.513555,0.514075,0.515028,0.515438,0.516608,0.517288,0.520648,0.524149,0.523929,0.525768,0.526712,0.527735,0.528436,0.53128,0.535608,0.537516,0.538219,0.541009,0.541581,0.54108,0.542271,0.542524,0.542956,0.545434,0.544872,0.545772,0.547355,0.545956,0.5451,0.545907,0.547729,0.546808,0.545933,0.549009,0.547951,0.550899,0.552062,0.553499,0.555469,0.559198,0.560467,0.56026,0.560405,0.561849,0.561881,0.561438,0.561821,0.562003,0.565629,0.566032,0.56974,0.570439,0.571995,0.571992,0.571813,0.576778,0.572363,0.573992,0.575072,0.576801,0.576371,0.577921,0.579435,0.580223,0.580623,0.583971,0.586429,0.586484,0.588141,0.590611,0.591117,0.59793,0.602053,0.604015,0.606611,0.610857,0.612142,0.610346,0.61425,0.619072,0.617621,0.619363,0.619468,0.624267,0.624506,0.628508,0.631108,0.634439,0.636676,0.637304,0.638732,0.641346,0.644091,0.646789,0.651574,0.652529,0.655523,0.657087,0.65922,0.661794,0.663809,0.666857,0.667062,0.668591,0.672458,0.677663,0.678181,0.681456,0.683869,0.686937,0.687486,0.694158,0.694081,0.698996,0.700151,0.70277,0.70482,0.703823,0.706854,0.711401,0.714826,0.716255,0.716764,0.720443,0.722099,0.724977,0.730881,0.733172,0.733877,0.73827,0.739513,0.74226,0.743229,0.744707,0.749191,0.748412,0.75412,0.754378,0.756085,0.760262,0.762983,0.767489,0.766225,0.771536,0.777682,0.77748,0.781357,0.782007,0.785991,0.786601,0.789433,0.792782,0.794935,0.798478,0.800516,0.803045,0.805329,0.807956,0.806194,0.811692,0.814731,0.817833,0.819435,0.822861,0.825534,0.825792,0.828646,0.8336,0.836646,0.835912,0.841074,0.841099,0.844271,0.849446,0.849473,0.853283,0.855169,0.856015,0.859789,0.861858,0.865168,0.867062,0.870591,0.871683,0.877148,0.87632,0.877896,0.881689,0.883046,0.886465,0.888476,0.891988,0.894374,0.897739,0.897577,0.903623,0.905128,0.905376,0.907945,0.909726,0.91402,0.917999,0.922587,0.920744,0.922246,0.925985,0.930909,0.932359,0.935359,0.935584,0.939257,0.941136,0.943811,0.946425,0.948439,0.950879,0.955739,0.957245,0.959738,0.959781,0.963081,0.966888,0.970904,0.972293,0.974112,0.974576,0.977049,0.985435,0.984038,0.98902,0.991212,0.994157,0.994051,0.996986,0.998248,1.003739,1.005886,1.006341,1.010339,1.00979,1.012636,1.015336,1.019205,1.022184,1.025802,1.026744,1.032551,1.033954,1.037481,1.039017,1.043257,1.045901,1.048066,1.048462,1.050925,1.052357,1.05536,1.058848,1.062474,1.063293,1.069376,1.067125,1.067591,1.071536,1.072727,1.079081,1.082506,1.08629,1.087263,1.087421,1.089741,1.09313,1.096105,1.096713,1.100857,1.107543,1.108092,1.108294,1.109349,1.113314,1.119143,1.120384,1.119785,1.124917,1.1291,1.131875,1.129427,1.134746,1.138771,1.140968,1.144072,1.14673,1.148429,1.149527,1.152169,1.158922,1.158321,1.161809,1.163599,1.167186,1.166368,1.16843,1.169756,1.173765,1.176318,1.178116,1.17947,1.183607,1.18584,1.186704,1.188215,1.194793,1.19599,1.20074,1.202253,1.205604,1.205896,1.208485,1.213484,1.214827,1.220528,1.219638,1.220716,1.224897,1.22591,1.232545,1.237235,1.239869,1.24539,1.244789,1.246685,1.249433,1.25285,1.252923,1.257777,1.254039,1.256128,1.260662,1.265652,1.269083,1.274336,1.271573,1.274703,1.280188,1.28071,1.286677,1.291966,1.2922,1.295166,1.30015,1.299553,1.302079,1.305403,1.308273,1.313321,1.31477,1.315068,1.317078,1.318337,1.31955,1.322904,1.322982,1.325848,1.325102,1.330707,1.334893,1.338007,1.340168,1.340909,1.346465,1.348958,1.349265,1.356526,1.354843,1.353321,1.359553,1.365007,1.366415,1.369955,1.370427,1.375383,1.375965,1.383274,1.38804,1.390777,1.394279,1.39674,1.401532,1.401029,1.399082,1.398767,1.400521,1.401898,1.404486,1.406209,1.4077,1.411426,1.412019,1.412212,1.421305,1.424393,1.426674,1.42928,1.434053,1.434382,1.434424,1.441813,1.442419,1.440325,1.446381,1.443934,1.443619,1.449891,1.450418,1.452689,1.456084,1.460912,1.464154,1.469078,1.473102,1.47442,1.47891,1.481824,1.486097,1.488559,1.493355,1.495686,1.500755,1.500395,1.505038,1.505939,1.504927,1.509206,1.508049,1.50827,1.514111,1.519614,1.52236,1.526669,1.530561,1.53152,1.534498,1.537655,1.541789,1.538989,1.543838,1.544198,1.546111,1.549252,1.549621,1.550849,1.552251,1.55483,1.560323,1.562052,1.564249,1.56947,1.568726,1.571375
