,0,1,2,3,4,5,6,7,8,9,10,11,12,13,14,15,16,17,18,19,20,21,22,23,24,25,26,27,28,29,30,31,32,33,34,35,36,37,38,39,40,41,42,43,44,45,46,47,48,49,50,51,52,53,54,55,56,57,58,59,60,61,62,63,64,65,66,67,68,69,70,71,72,73,74,75,76,77,78,79,80,81,82,83,84,85,86,87,88,89,90,91,92,93,94,95,96,97,98,99,100,101,102,103,104,105,106,107,108,109,110,111,112,113,114,115,116,117,118,119,120,121,122,123,124,125,126,127,128,129,130,131,132,133,134,135,136,137,138,139,140,141,142,143,144,145,146,147,148,149,150,151,152,153,154,155,156,157,158,159,160,161,162,163,164,165,166,167,168,169,170,171,172,173,174,175,176,177,178,179,180,181,182,183,184,185,186,187,188,189,190,191,192,193,194,195,196,197,198,199,200,201,202,203,204,205,206,207,208,209,210,211,212,213,214,215,216,217,218,219,220,221,222,223,224,225,226,227,228,229,230,231,232,233,234,235,236,237,238,239,240,241,242,243,244,245,246,247,248,249,250,251,252,253,254,255,256,257,258,259,260,261,262,263,264,265,266,267,268,269,270,271,272,273,274,275,276,277,278,279,280,281,282,283,284,285,286,287,288,289,290,291,292,293,294,295,296,297,298,299,300,301,302,303,304,305,306,307,308,309,310,311,312,313,314,315,316,317,318,319,320,321,322,323,324,325,326,327,328,329,330,331,332,333,334,335,336,337,338,339,340,341,342,343,344,345,346,347,348,349,350,351,352,353,354,355,356,357,358,359,360,361,362,363,364,365,366,367,368,369,370,371,372,373,374,375,376,377,378,379,380,381,382,383,384,385,386,387,388,389,390,391,392,393,394,395,396,397,398,399,400,401,402,403,404,405,406,407,408,409,410,411,412,413,414,415,416,417,418,419,420,421,422,423,424,425,426,427,428,429,430,431,432,433,434,435,436,437,438,439,440,441,442,443,444,445,446,447,448,449,450,451,452,453,454,455,456,457,458,459,460,461,462,463,464,465,466,467,468,469,470,471,472,473,474,475,476,477,478,479,480,481,482,483,484,485,486,487,488,489,490,491,492,493,494,495,496,497,498,499,500,501,502,503,504,505,506,507,508,509,510,511,512,513,514,515,516,517,518,519,520,521,522,523,524,525,526,527,528,529,530,531,532,533,534,535,536,537,538,539,540,541,542,543,544,545,546,547,548,549,550,551,552,553,554,555,556,557,558,559,560,561,562,563,564,565,566,567,568,569,570,571,572,573,574,575,576,577,578,579,580,581,582,583,584,585,586,587,588,589,590,591,592,593,594,595,596,597,598,599,600
Time,0.0,1.0,2.0,3.0,4.0,5.0,6.0,7.0,8.0,9.0,10.0,11.0,12.0,13.0,14.0,15.0,16.0,17.0,18.0,19.0,20.0,21.0,22.0,23.0,24.0,25.0,26.0,27.0,28.0,29.0,30.0,31.0,32.0,33.0,34.0,35.0,36.0,37.0,38.0,39.0,40.0,41.0,42.0,43.0,44.0,45.0,46.0,47.0,48.0,49.0,50.0,51.0,52.0,53.0,54.0,55.0,56.0,57.0,58.0,59.0,60.0,61.0,62.0,63.0,64.0,65.0,66.0,67.0,68.0,69.0,70.0,71.0,72.0,73.0,74.0,75.0,76.0,77.0,78.0,79.0,80.0,81.0,82.0,83.0,84.0,85.0,86.0,87.0,88.0,89.0,90.0,91.0,92.0,93.0,94.0,95.0,96.0,97.0,98.0,99.0,100.0,101.0,102.0,103.0,104.0,105.0,106.0,107.0,108.0,109.0,110.0,111.0,112.0,113.0,114.0,115.0,116.0,117.0,118.0,119.0,120.0,121.0,122.0,123.0,124.0,125.0,126.0,127.0,128.0,129.0,130.0,131.0,132.0,133.0,134.0,135.0,136.0,137.0,138.0,139.0,140.0,141.0,142.0,143.0,144.0,145.0,146.0,147.0,148.0,149.0,150.0,151.0,152.0,153.0,154.0,155.0,156.0,157.0,158.0,159.0,160.0,161.0,162.0,163.0,164.0,165.0,166.0,167.0,168.0,169.0,170.0,171.0,172.0,173.0,174.0,175.0,176.0,177.0,178.0,179.0,180.0,181.0,182.0,183.0,184.0,185.0,186.0,187.0,188.0,189.0,190.0,191.0,192.0,193.0,194.0,195.0,196.0,197.0,198.0,199.0,200.0,201.0,202.0,203.0,204.0,205.0,206.0,207.0,208.0,209.0,210.0,211.0,212.0,213.0,214.0,215.0,216.0,217.0,218.0,219.0,220.0,221.0,222.0,223.0,224.0,225.0,226.0,227.0,228.0,229.0,230.0,231.0,232.0,233.0,234.0,235.0,236.0,237.0,238.0,239.0,240.0,241.0,242.0,243.0,244.0,245.0,246.0,247.0,248.0,249.0,250.0,251.0,252.0,253.0,254.0,255.0,256.0,257.0,258.0,259.0,260.0,261.0,262.0,263.0,264.0,265.0,266.0,267.0,268.0,269.0,270.0,271.0,272.0,273.0,274.0,275.0,276.0,277.0,278.0,279.0,280.0,281.0,282.0,283.0,284.0,285.0,286.0,287.0,288.0,289.0,290.0,291.0,292.0,293.0,294.0,295.0,296.0,297.0,298.0,299.0,300.0,301.0,302.0,303.0,304.0,305.0,306.0,307.0,308.0,309.0,310.0,311.0,312.0,313.0,314.0,315.0,316.0,317.0,318.0,319.0,320.0,321.0,322.0,323.0,324.0,325.0,326.0,327.0,328.0,329.0,330.0,331.0,332.0,333.0,334.0,335.0,336.0,337.0,338.0,339.0,340.0,341.0,342.0,343.0,344.0,345.0,346.0,347.0,348.0,349.0,350.0,351.0,352.0,353.0,354.0,355.0,356.0,357.0,358.0,359.0,360.0,361.0,362.0,363.0,364.0,365.0,366.0,367.0,368.0,369.0,370.0,371.0,372.0,373.0,374.0,375.0,376.0,377.0,378.0,379.0,380.0,381.0,382.0,383.0,384.0,385.0,386.0,387.0,388.0,389.0,390.0,391.0,392.0,393.0,394.0,395.0,396.0,397.0,398.0,399.0,400.0,401.0,402.0,403.0,404.0,405.0,406.0,407.0,408.0,409.0,410.0,411.0,412.0,413.0,414.0,415.0,416.0,417.0,418.0,419.0,420.0,421.0,422.0,423.0,424.0,425.0,426.0,427.0,428.0,429.0,430.0,431.0,432.0,433.0,434.0,435.0,436.0,437.0,438.0,439.0,440.0,441.0,442.0,443.0,444.0,445.0,446.0,447.0,448.0,449.0,450.0,451.0,452.0,453.0,454.0,455.0,456.0,457.0,458.0,459.0,460.0,461.0,462.0,463.0,464.0,465.0,466.0,467.0,468.0,469.0,470.0,471.0,472.0,473.0,474.0,475.0,476.0,477.0,478.0,479.0,480.0,481.0,482.0,483.0,484.0,485.0,486.0,487.0,488.0,489.0,490.0,491.0,492.0,493.0,494.0,495.0,496.0,497.0,498.0,499.0,500.0,501.0,502.0,503.0,504.0,505.0,506.0,507.0,508.0,509.0,510.0,511.0,512.0,513.0,514.0,515.0,516.0,517.0,518.0,519.0,520.0,521.0,522.0,523.0,524.0,525.0,526.0,527.0,528.0,529.0,530.0,531.0,532.0,533.0,534.0,535.0,536.0,537.0,538.0,539.0,540.0,541.0,542.0,543.0,544.0,545.0,546.0,547.0,548.0,549.0,550.0,551.0,552.0,553.0,554.0,555.0,556.0,557.0,558.0,559.0,560.0,561.0,562.0,563.0,564.0,565.0,566.0,567.0,568.0,569.0,570.0,571.0,572.0,573.0,574.0,575.0,576.0,577.0,578.0,579.0,580.0,581.0,582.0,583.0,584.0,585.0,586.0,587.0,588.0,589.0,590.0,591.0,592.0,593.0,594.0,595.0,596.0,597.0,598.0,599.0,600.0
a1,0.75,0.755577,0.75454,0.757507,0.757457,0.758172,0.757399,0.75436,0.750714,0.751862,0.751001,0.751048,0.753299,0.754569,0.754962,0.754291,0.753972,0.755306,0.755178,0.757243,0.759649,0.76003,0.761803,0.759964,0.758428,0.753773,0.753527,0.750735,0.750751,0.74763,0.74874,0.747607,0.746544,0.748712,0.747987,0.751116,0.750995,0.750807,0.751562,0.750698,0.751706,0.74937,0.747719,0.746311,0.748909,0.751051,0.750698,0.749695,0.749307,0.751056,0.75243,0.752348,0.753044,0.755034,0.752934,0.754092,0.757139,0.756798,0.755453,0.756039,0.754867,0.754882,0.753914,0.754326,0.754545,0.752424,0.753709,0.75435,0.755132,0.755855,0.754475,0.754807,0.752938,0.752527,0.752434,0.752877,0.753572,0.754915,0.754658,0.75492,0.754612,0.755701,0.755122,0.75508,0.756125,0.753865,0.750957,0.75044,0.749536,0.749519,0.753551,0.752775,0.750627,0.748368,0.750275,0.751515,0.752625,0.753643,0.75274,0.753338,0.752894,0.751295,0.750267,0.749789,0.74908,0.748036,0.751719,0.753958,0.755855,0.752156,0.75263,0.754028,0.753665,0.754921,0.75495,0.756093,0.75752,0.759894,0.758233,0.756837,0.756294,0.755451,0.75731,0.757078,0.755835,0.758024,0.759869,0.76064,0.760762,0.759431,0.761814,0.766214,0.768658,0.767961,0.767289,0.771105,0.772974,0.77396,0.774365,0.773897,0.773618,0.776302,0.775624,0.775793,0.775892,0.776153,0.774929,0.778849,0.779848,0.781291,0.783625,0.783641,0.784415,0.789554,0.789392,0.786771,0.785697,0.791183,0.789939,0.79019,0.794161,0.797892,0.801107,0.80286,0.799687,0.799582,0.799193,0.799934,0.800871,0.800897,0.803735,0.802543,0.807302,0.80773,0.811703,0.811495,0.813694,0.814816,0.817812,0.81914,0.816116,0.821156,0.825294,0.828748,0.827574,0.827452,0.832209,0.832729,0.829674,0.828258,0.828326,0.830835,0.833215,0.838743,0.841545,0.841432,0.842831,0.844957,0.844315,0.842282,0.843941,0.844734,0.84568,0.84903,0.847703,0.84783,0.847024,0.847918,0.847973,0.8505,0.849403,0.852116,0.852364,0.85634,0.858271,0.865487,0.867031,0.868568,0.874585,0.874651,0.877085,0.880354,0.883916,0.886858,0.889286,0.892883,0.896104,0.898749,0.9044,0.904497,0.907469,0.913053,0.916684,0.919254,0.924615,0.925931,0.930797,0.93395,0.938279,0.939072,0.943717,0.94634,0.949868,0.954352,0.959286,0.962501,0.967447,0.971678,0.972276,0.977217,0.98241,0.986901,0.989859,0.993059,0.996719,0.99895,1.003105,1.008341,1.009456,1.015238,1.015566,1.022904,1.023289,1.026993,1.031062,1.034332,1.038417,1.040485,1.046016,1.047676,1.051883,1.055643,1.060482,1.064186,1.067341,1.072041,1.074461,1.077919,1.082557,1.086441,1.089218,1.092941,1.095476,1.099686,1.102264,1.105524,1.110248,1.111666,1.114877,1.119322,1.124879,1.127261,1.130411,1.129548,1.133133,1.136189,1.140263,1.140249,1.142448,1.143207,1.148807,1.151502,1.155071,1.1548,1.158985,1.157163,1.161728,1.157323,1.156777,1.157428,1.157349,1.15065,1.146992,1.144719,1.14438,1.140958,1.135863,1.122893,1.121486,1.116445,1.109559,1.099435,1.090141,1.080056,1.069602,1.065866,1.05965,1.047131,1.043389,1.039469,1.031906,1.032562,1.024995,1.015344,1.015516,1.009953,1.016332,1.011009,1.004244,1.005258,1.001696,0.998578,0.988265,0.980775,0.978607,0.985578,0.986339,0.98753,0.990586,0.98207,0.972861,0.968567,0.969869,0.964799,0.961367,0.958646,0.954709,0.952734,0.949406,0.948353,0.944546,0.934484,0.938817,0.941919,0.944563,0.935854,0.93028,0.927668,0.921497,0.916025,0.910675,0.916083,0.915188,0.911606,0.904628,0.902932,0.904615,0.897181,0.892278,0.894064,0.881707,0.886222,0.876229,0.877013,0.873451,0.871266,0.876593,0.870344,0.8681,0.860505,0.862014,0.866039,0.862239,0.853112,0.853793,0.858033,0.859402,0.86218,0.859025,0.85993,0.858993,0.853664,0.856918,0.859061,0.858885,0.86143,0.857892,0.850332,0.849138,0.843278,0.836189,0.836207,0.840541,0.840043,0.835387,0.832859,0.833262,0.832198,0.833915,0.828865,0.823604,0.827323,0.833292,0.832378,0.828627,0.827821,0.82903,0.819386,0.825156,0.820869,0.816847,0.816939,0.824164,0.826593,0.828432,0.826095,0.819957,0.816282,0.817195,0.815933,0.823104,0.820369,0.816335,0.818648,0.816581,0.817094,0.814642,0.816602,0.812882,0.8114,0.813083,0.812034,0.807257,0.809755,0.804038,0.800395,0.802378,0.807464,0.814958,0.813528,0.814893,0.811076,0.807211,0.803701,0.805488,0.809677,0.812687,0.810902,0.809054,0.814563,0.817441,0.812795,0.813414,0.818475,0.816634,0.816057,0.817825,0.815364,0.822258,0.818493,0.810426,0.814414,0.813131,0.819702,0.821041,0.819799,0.816907,0.822743,0.81738,0.818191,0.825125,0.829247,0.827683,0.829371,0.825239,0.829477,0.837352,0.845697,0.84148,0.835459,0.838689,0.846524,0.850455,0.850973,0.847493,0.851224,0.857379,0.854344,0.847265,0.857737,0.852591,0.856401,0.859493,0.865258,0.865757,0.861486,0.859324,0.85827,0.864111,0.873059,0.870993,0.872221,0.874167,0.880637,0.881113,0.879197,0.87718,0.8747,0.874997,0.876,0.885425,0.885477,0.886213,0.884882,0.888087,0.883358,0.884205,0.878822,0.885341,0.883184,0.886317,0.87979,0.882443,0.890999,0.888954,0.887456,0.884637,0.884265,0.885491,0.884591,0.887239,0.887006,0.886424,0.899625,0.899411,0.902285,0.907433,0.915935,0.911199,0.912031,0.911917,0.91394,0.916595,0.921662,0.924752,0.926799,0.921418,0.931686,0.930542,0.937166,0.924209,0.919771,0.919801,0.928585,0.930803,0.938418,0.93636,0.935769,0.937412,0.938252,0.93397,0.943399,0.944101,0.936989,0.928957,0.934216,0.931558,0.936121,0.93845,0.936815,0.940558,0.94116,0.946579,0.950707,0.95182,0.958045,0.960222,0.957143,0.954145,0.949331,0.947722
a2,0.75,0.746734,0.750852,0.751595,0.753541,0.752288,0.752777,0.752165,0.756466,0.756158,0.758147,0.758361,0.756592,0.750219,0.752751,0.754644,0.755286,0.752603,0.751658,0.750365,0.748303,0.749806,0.749687,0.751852,0.751271,0.752891,0.750411,0.752036,0.75159,0.753356,0.752034,0.751121,0.751616,0.749666,0.750903,0.749614,0.746557,0.748084,0.748279,0.744706,0.745355,0.746561,0.749484,0.749169,0.750137,0.74941,0.74903,0.748554,0.747183,0.744789,0.745909,0.747957,0.748421,0.746635,0.751435,0.750179,0.748113,0.749482,0.749937,0.750069,0.752582,0.752632,0.751459,0.75194,0.749972,0.750972,0.750289,0.74887,0.74844,0.747176,0.746769,0.749164,0.747961,0.74582,0.745016,0.747914,0.748451,0.749136,0.748098,0.748327,0.747385,0.748487,0.74739,0.746525,0.745555,0.750138,0.752791,0.755159,0.757859,0.756339,0.751682,0.753864,0.755571,0.756735,0.756385,0.756538,0.754671,0.751945,0.752559,0.75254,0.75176,0.753035,0.753251,0.752448,0.752048,0.752917,0.750601,0.750238,0.750246,0.753691,0.755828,0.755609,0.754239,0.751614,0.751512,0.751064,0.750011,0.74712,0.74809,0.747451,0.747668,0.748141,0.746159,0.744739,0.746541,0.745526,0.745752,0.744583,0.744282,0.743877,0.742374,0.741201,0.74078,0.742062,0.741915,0.739789,0.739592,0.739724,0.738172,0.737619,0.738881,0.739723,0.738819,0.738506,0.73942,0.738491,0.740798,0.739394,0.738123,0.737357,0.734106,0.734686,0.735056,0.73406,0.733162,0.732589,0.733435,0.730065,0.731972,0.73069,0.728616,0.727048,0.724972,0.725484,0.728078,0.728346,0.728128,0.727082,0.723988,0.724428,0.722416,0.722701,0.722996,0.722507,0.720051,0.720561,0.719992,0.718368,0.716357,0.716294,0.71709,0.715286,0.712118,0.710112,0.711108,0.714254,0.7129,0.712437,0.713062,0.711808,0.711765,0.711912,0.710637,0.708283,0.70784,0.706818,0.706387,0.705796,0.706426,0.707125,0.704494,0.702838,0.702689,0.702603,0.703666,0.703348,0.703105,0.703856,0.70446,0.704566,0.705972,0.705647,0.705071,0.70439,0.704597,0.702191,0.701287,0.700085,0.69736,0.696897,0.696581,0.695471,0.694096,0.693283,0.691719,0.689769,0.687694,0.686207,0.685581,0.684824,0.682619,0.681254,0.678915,0.677213,0.675318,0.674725,0.672225,0.671079,0.671417,0.670912,0.668521,0.667248,0.665896,0.665189,0.664836,0.663682,0.659642,0.657903,0.658633,0.656783,0.655679,0.653663,0.653308,0.651564,0.650118,0.649209,0.648334,0.646773,0.646582,0.644871,0.644623,0.642238,0.643198,0.640561,0.638585,0.637479,0.636613,0.635753,0.634669,0.634404,0.63275,0.632813,0.630776,0.630324,0.62994,0.628384,0.627395,0.626684,0.62512,0.623285,0.622432,0.621293,0.620666,0.619511,0.618742,0.618114,0.617318,0.616658,0.615812,0.614078,0.612487,0.612474,0.610844,0.610531,0.610329,0.609547,0.609333,0.610242,0.609136,0.609497,0.607694,0.606479,0.605289,0.604989,0.603857,0.604398,0.604003,0.604744,0.604907,0.603941,0.603676,0.606447,0.608144,0.608773,0.608561,0.61075,0.612293,0.615858,0.615419,0.618041,0.619656,0.621767,0.625091,0.628709,0.631207,0.63233,0.634591,0.638337,0.640371,0.641949,0.645808,0.64689,0.650912,0.659002,0.661673,0.664067,0.661901,0.669469,0.671607,0.674327,0.680708,0.682115,0.690861,0.697943,0.699745,0.693797,0.693252,0.695816,0.694594,0.702714,0.708968,0.711441,0.710487,0.713228,0.715856,0.715737,0.719117,0.718913,0.726497,0.729339,0.732713,0.740003,0.732333,0.732851,0.732104,0.741781,0.744356,0.752211,0.757523,0.75792,0.757094,0.750393,0.745913,0.747223,0.748778,0.748667,0.751957,0.760322,0.763679,0.767008,0.775921,0.774813,0.782174,0.788821,0.791568,0.787764,0.788165,0.791776,0.794246,0.796215,0.789977,0.792515,0.794993,0.802195,0.804645,0.800964,0.806211,0.805045,0.808951,0.811096,0.814172,0.811068,0.817204,0.818378,0.820944,0.820996,0.820043,0.821151,0.81943,0.822489,0.825463,0.822385,0.821679,0.818471,0.822547,0.819625,0.817106,0.817191,0.813563,0.818215,0.834211,0.83386,0.833101,0.83026,0.833034,0.834339,0.832805,0.836713,0.837035,0.837671,0.842244,0.841898,0.840494,0.838285,0.838648,0.833802,0.835447,0.839572,0.833917,0.837357,0.839679,0.843438,0.843453,0.83943,0.839697,0.839308,0.839922,0.841718,0.842238,0.849198,0.846941,0.84974,0.862811,0.86043,0.862191,0.862073,0.860634,0.860529,0.851757,0.856571,0.860264,0.860345,0.860457,0.863901,0.867626,0.867038,0.862901,0.866652,0.868451,0.861991,0.859278,0.861382,0.863633,0.867895,0.866677,0.870491,0.87065,0.870699,0.869688,0.867368,0.878503,0.869765,0.870514,0.866326,0.87031,0.867425,0.863607,0.862283,0.86246,0.865657,0.862599,0.857387,0.856821,0.861248,0.866768,0.864944,0.863217,0.851915,0.849924,0.853103,0.85675,0.854172,0.846948,0.848735,0.842221,0.839037,0.837615,0.83838,0.84124,0.840448,0.841256,0.846029,0.838539,0.83377,0.835551,0.845632,0.842452,0.843574,0.841988,0.83585,0.835767,0.832307,0.837605,0.834051,0.831346,0.8305,0.829519,0.833315,0.827079,0.831616,0.828798,0.831223,0.828837,0.834464,0.829444,0.82627,0.818961,0.823456,0.821413,0.825842,0.820641,0.822397,0.822143,0.82309,0.821016,0.816368,0.818467,0.822909,0.81998,0.814348,0.81159,0.814801,0.804515,0.796044,0.7933,0.788872,0.786331,0.782301,0.784211,0.786922,0.789542,0.789435,0.792981,0.793518,0.792919,0.791177,0.788699,0.780583,0.783844,0.773667,0.776883,0.783555,0.782058,0.782198,0.779975,0.772402,0.77347,0.775295,0.772592,0.775816,0.77666,0.776383,0.775642,0.779948,0.782382,0.782401,0.786925,0.780295,0.783225,0.782886,0.785512,0.780605,0.780603,0.776631,0.769766,0.767774,0.770096,0.771712,0.769926,0.776257,0.771774
a3,0.75,0.747721,0.744642,0.740992,0.739127,0.739659,0.739934,0.743518,0.742882,0.74205,0.740952,0.740696,0.74021,0.745241,0.742348,0.741144,0.740828,0.742155,0.743215,0.742465,0.742153,0.740294,0.738688,0.738343,0.740411,0.74338,0.746081,0.747238,0.747665,0.749026,0.74923,0.751279,0.751852,0.751625,0.751114,0.749271,0.75246,0.751112,0.750163,0.754629,0.752961,0.754088,0.752806,0.754544,0.750955,0.749541,0.750273,0.751754,0.753524,0.754185,0.751678,0.749701,0.748544,0.748357,0.74565,0.745753,0.744802,0.743777,0.744648,0.743941,0.742608,0.742544,0.744658,0.743774,0.745511,0.746616,0.746022,0.746801,0.746456,0.747003,0.748777,0.746055,0.74911,0.751671,0.752575,0.749218,0.747989,0.745976,0.747266,0.746778,0.748024,0.745846,0.747514,0.748422,0.74836,0.746018,0.746267,0.744439,0.742682,0.744191,0.744795,0.743405,0.743848,0.744946,0.743396,0.742019,0.742757,0.744445,0.744729,0.744156,0.745368,0.745689,0.746497,0.74777,0.748877,0.749056,0.747685,0.745826,0.743946,0.744187,0.741616,0.740456,0.742158,0.743511,0.743583,0.742903,0.742544,0.743089,0.743751,0.745759,0.746078,0.746438,0.746584,0.748237,0.747658,0.746514,0.744476,0.744889,0.745071,0.746782,0.745954,0.742844,0.740903,0.740294,0.741089,0.739541,0.73795,0.736878,0.738041,0.739041,0.738045,0.734655,0.736198,0.736349,0.735345,0.736023,0.73489,0.73258,0.7329,0.732307,0.733359,0.732766,0.731673,0.727898,0.728939,0.731939,0.732094,0.730375,0.729618,0.730666,0.729082,0.727238,0.726394,0.724297,0.724579,0.724408,0.724977,0.725348,0.727596,0.72713,0.72658,0.727372,0.72279,0.722895,0.72181,0.721485,0.720103,0.720738,0.720113,0.719008,0.720872,0.718255,0.717833,0.71686,0.716871,0.71382,0.711087,0.711105,0.713097,0.715576,0.71556,0.713252,0.71249,0.710147,0.708225,0.709345,0.7086,0.707408,0.707315,0.708321,0.709568,0.710573,0.709929,0.707214,0.707251,0.707465,0.708383,0.706881,0.706228,0.704025,0.703529,0.701613,0.701982,0.699398,0.697619,0.694173,0.693831,0.693792,0.691711,0.692118,0.690511,0.689045,0.687627,0.68615,0.685824,0.684993,0.684589,0.684053,0.6804,0.681079,0.681041,0.678232,0.677873,0.677678,0.675638,0.675271,0.67424,0.673111,0.669668,0.669606,0.668694,0.668112,0.666982,0.664553,0.661486,0.660423,0.661072,0.659933,0.658796,0.657311,0.654937,0.653967,0.652368,0.652006,0.651056,0.650512,0.648692,0.646881,0.646358,0.644382,0.644421,0.642175,0.640975,0.641291,0.640737,0.639821,0.63817,0.637764,0.635474,0.634733,0.633846,0.631526,0.630675,0.628931,0.627453,0.626249,0.625823,0.624524,0.623404,0.623004,0.622268,0.621285,0.620473,0.61925,0.61857,0.617372,0.615538,0.615411,0.614481,0.613769,0.612324,0.611043,0.610967,0.611746,0.610013,0.609152,0.607189,0.606292,0.606224,0.605462,0.604299,0.604093,0.60341,0.603851,0.602798,0.603207,0.60123,0.602778,0.6029,0.603525,0.603831,0.604571,0.604807,0.605382,0.605772,0.605412,0.606595,0.610049,0.61125,0.611405,0.613596,0.617144,0.619096,0.621281,0.62487,0.625947,0.627375,0.631151,0.631402,0.632225,0.633054,0.631593,0.632324,0.630499,0.627847,0.62903,0.627127,0.623302,0.625502,0.622352,0.61871,0.619362,0.617902,0.616304,0.616077,0.616965,0.616974,0.613958,0.613142,0.611312,0.611655,0.612231,0.61223,0.613082,0.613011,0.614854,0.614488,0.615936,0.611643,0.609936,0.609574,0.610068,0.613613,0.61116,0.61007,0.607715,0.609242,0.604577,0.604358,0.607649,0.611886,0.613706,0.617996,0.619336,0.622817,0.62408,0.620193,0.618452,0.619117,0.615199,0.616655,0.61439,0.615549,0.609817,0.610179,0.614663,0.610616,0.612196,0.61187,0.615744,0.61952,0.614665,0.61545,0.61645,0.614083,0.613856,0.60889,0.607807,0.607093,0.604851,0.603223,0.609311,0.602441,0.600075,0.598322,0.596517,0.599673,0.604188,0.606309,0.608252,0.611198,0.613472,0.610833,0.613591,0.613953,0.618013,0.619617,0.620345,0.621829,0.62206,0.61403,0.611527,0.607699,0.610448,0.61117,0.610808,0.611041,0.615345,0.610808,0.613531,0.613204,0.613387,0.609025,0.608836,0.607221,0.612479,0.615848,0.615582,0.619064,0.617474,0.610402,0.609707,0.612709,0.613906,0.615265,0.615163,0.616564,0.613772,0.6162,0.612266,0.612626,0.611398,0.605698,0.605501,0.60856,0.611414,0.610922,0.607148,0.607761,0.605408,0.601798,0.604574,0.60739,0.60761,0.60366,0.600944,0.601588,0.600303,0.600428,0.600837,0.600612,0.602569,0.600541,0.593897,0.596072,0.59388,0.592488,0.594243,0.589946,0.594245,0.592553,0.595575,0.596002,0.594082,0.590398,0.59326,0.597991,0.594662,0.598441,0.595639,0.592727,0.593367,0.59488,0.590618,0.589796,0.588019,0.583654,0.585562,0.589875,0.591912,0.587122,0.583444,0.5857,0.584112,0.591046,0.590689,0.587444,0.588993,0.591895,0.58522,0.588186,0.582267,0.585353,0.584779,0.583197,0.579101,0.582749,0.582688,0.57984,0.578112,0.579541,0.58113,0.576169,0.574373,0.57593,0.577774,0.579787,0.578783,0.582949,0.579104,0.574888,0.573177,0.57435,0.571335,0.572719,0.577996,0.582596,0.582965,0.580112,0.578409,0.580018,0.583073,0.5815,0.575253,0.578034,0.582306,0.582664,0.579761,0.581027,0.585641,0.585877,0.583721,0.591573,0.589095,0.591273,0.592698,0.59124,0.588769,0.590389,0.587818,0.58594,0.584722,0.580422,0.57684,0.575346,0.57534,0.580518,0.58009,0.578386,0.581853,0.587568,0.585375,0.586478,0.580825,0.581092,0.582029,0.582502,0.581497,0.58251,0.579569,0.581594,0.575987,0.576108,0.577276,0.580456,0.577175,0.575494,0.577554,0.573966,0.575216,0.571012,0.574234,0.570948,0.571376,0.575798,0.573541,0.570515,0.571152,0.574276,0.572481,0.576783
