,0,1,2,3,4,5,6,7,8,9,10,11,12,13,14,15,16,17,18,19,20,21,22,23,24,25,26,27,28,29,30,31,32,33,34,35,36,37,38,39,40,41,42,43,44,45,46,47,48,49,50,51,52,53,54,55,56,57,58,59,60,61,62,63,64,65,66,67,68,69,70,71,72,73,74,75,76,77,78,79,80,81,82,83,84,85,86,87,88,89,90,91,92,93,94,95,96,97,98,99,100,101,102,103,104,105,106,107,108,109,110,111,112,113,114,115,116,117,118,119,120,121,122,123,124,125,126,127,128,129,130,131,132,133,134,135,136,137,138,139,140,141,142,143,144,145,146,147,148,149,150,151,152,153,154,155,156,157,158,159,160,161,162,163,164,165,166,167,168,169,170,171,172,173,174,175,176,177,178,179,180,181,182,183,184,185,186,187,188,189,190,191,192,193,194,195,196,197,198,199,200,201,202,203,204,205,206,207,208,209,210,211,212,213,214,215,216,217,218,219,220,221,222,223,224,225,226,227,228,229,230,231,232,233,234,235,236,237,238,239,240,241,242,243,244,245,246,247,248,249,250,251,252,253,254,255,256,257,258,259,260,261,262,263,264,265,266,267,268,269,270,271,272,273,274,275,276,277,278,279,280,281,282,283,284,285,286,287,288,289,290,291,292,293,294,295,296,297,298,299,300,301,302,303,304,305,306,307,308,309,310,311,312,313,314,315,316,317,318,319,320,321,322,323,324,325,326,327,328,329,330,331,332,333,334,335,336,337,338,339,340,341,342,343,344,345,346,347,348,349,350,351,352,353,354,355,356,357,358,359,360,361,362,363,364,365,366,367,368,369,370,371,372,373,374,375,376,377,378,379,380,381,382,383,384,385,386,387,388,389,390,391,392,393,394,395,396,397,398,399,400,401,402,403,404,405,406,407,408,409,410,411,412,413,414,415,416,417,418,419,420,421,422,423,424,425,426,427,428,429,430,431,432,433,434,435,436,437,438,439,440,441,442,443,444,445,446,447,448,449,450,451,452,453,454,455,456,457,458,459,460,461,462,463,464,465,466,467,468,469,470,471,472,473,474,475,476,477,478,479,480,481,482,483,484,485,486,487,488,489,490,491,492,493,494,495,496,497,498,499,500,501,502,503,504,505,506,507,508,509,510,511,512,513,514,515,516,517,518,519,520,521,522,523,524,525,526,527,528,529,530,531,532,533,534,535,536,537,538,539,540,541,542,543,544,545,546,547,548,549,550,551,552,553,554,555,556,557,558,559,560,561,562,563,564,565,566,567,568,569,570,571,572,573,574,575,576,577,578,579,580,581,582,583,584,585,586,587,588,589,590,591,592,593,594,595,596,597,598,599,600
Time,0.0,1.0,2.0,3.0,4.0,5.0,6.0,7.0,8.0,9.0,10.0,11.0,12.0,13.0,14.0,15.0,16.0,17.0,18.0,19.0,20.0,21.0,22.0,23.0,24.0,25.0,26.0,27.0,28.0,29.0,30.0,31.0,32.0,33.0,34.0,35.0,36.0,37.0,38.0,39.0,40.0,41.0,42.0,43.0,44.0,45.0,46.0,47.0,48.0,49.0,50.0,51.0,52.0,53.0,54.0,55.0,56.0,57.0,58.0,59.0,60.0,61.0,62.0,63.0,64.0,65.0,66.0,67.0,68.0,69.0,70.0,71.0,72.0,73.0,74.0,75.0,76.0,77.0,78.0,79.0,80.0,81.0,82.0,83.0,84.0,85.0,86.0,87.0,88.0,89.0,90.0,91.0,92.0,93.0,94.0,95.0,96.0,97.0,98.0,99.0,100.0,101.0,102.0,103.0,104.0,105.0,106.0,107.0,108.0,109.0,110.0,111.0,112.0,113.0,114.0,115.0,116.0,117.0,118.0,119.0,120.0,121.0,122.0,123.0,124.0,125.0,126.0,127.0,128.0,129.0,130.0,131.0,132.0,133.0,134.0,135.0,136.0,137.0,138.0,139.0,140.0,141.0,142.0,143.0,144.0,145.0,146.0,147.0,148.0,149.0,150.0,151.0,152.0,153.0,154.0,155.0,156.0,157.0,158.0,159.0,160.0,161.0,162.0,163.0,164.0,165.0,166.0,167.0,168.0,169.0,170.0,171.0,172.0,173.0,174.0,175.0,176.0,177.0,178.0,179.0,180.0,181.0,182.0,183.0,184.0,185.0,186.0,187.0,188.0,189.0,190.0,191.0,192.0,193.0,194.0,195.0,196.0,197.0,198.0,199.0,200.0,201.0,202.0,203.0,204.0,205.0,206.0,207.0,208.0,209.0,210.0,211.0,212.0,213.0,214.0,215.0,216.0,217.0,218.0,219.0,220.0,221.0,222.0,223.0,224.0,225.0,226.0,227.0,228.0,229.0,230.0,231.0,232.0,233.0,234.0,235.0,236.0,237.0,238.0,239.0,240.0,241.0,242.0,243.0,244.0,245.0,246.0,247.0,248.0,249.0,250.0,251.0,252.0,253.0,254.0,255.0,256.0,257.0,258.0,259.0,260.0,261.0,262.0,263.0,264.0,265.0,266.0,267.0,268.0,269.0,270.0,271.0,272.0,273.0,274.0,275.0,276.0,277.0,278.0,279.0,280.0,281.0,282.0,283.0,284.0,285.0,286.0,287.0,288.0,289.0,290.0,291.0,292.0,293.0,294.0,295.0,296.0,297.0,298.0,299.0,300.0,301.0,302.0,303.0,304.0,305.0,306.0,307.0,308.0,309.0,310.0,311.0,312.0,313.0,314.0,315.0,316.0,317.0,318.0,319.0,320.0,321.0,322.0,323.0,324.0,325.0,326.0,327.0,328.0,329.0,330.0,331.0,332.0,333.0,334.0,335.0,336.0,337.0,338.0,339.0,340.0,341.0,342.0,343.0,344.0,345.0,346.0,347.0,348.0,349.0,350.0,351.0,352.0,353.0,354.0,355.0,356.0,357.0,358.0,359.0,360.0,361.0,362.0,363.0,364.0,365.0,366.0,367.0,368.0,369.0,370.0,371.0,372.0,373.0,374.0,375.0,376.0,377.0,378.0,379.0,380.0,381.0,382.0,383.0,384.0,385.0,386.0,387.0,388.0,389.0,390.0,391.0,392.0,393.0,394.0,395.0,396.0,397.0,398.0,399.0,400.0,401.0,402.0,403.0,404.0,405.0,406.0,407.0,408.0,409.0,410.0,411.0,412.0,413.0,414.0,415.0,416.0,417.0,418.0,419.0,420.0,421.0,422.0,423.0,424.0,425.0,426.0,427.0,428.0,429.0,430.0,431.0,432.0,433.0,434.0,435.0,436.0,437.0,438.0,439.0,440.0,441.0,442.0,443.0,444.0,445.0,446.0,447.0,448.0,449.0,450.0,451.0,452.0,453.0,454.0,455.0,456.0,457.0,458.0,459.0,460.0,461.0,462.0,463.0,464.0,465.0,466.0,467.0,468.0,469.0,470.0,471.0,472.0,473.0,474.0,475.0,476.0,477.0,478.0,479.0,480.0,481.0,482.0,483.0,484.0,485.0,486.0,487.0,488.0,489.0,490.0,491.0,492.0,493.0,494.0,495.0,496.0,497.0,498.0,499.0,500.0,501.0,502.0,503.0,504.0,505.0,506.0,507.0,508.0,509.0,510.0,511.0,512.0,513.0,514.0,515.0,516.0,517.0,518.0,519.0,520.0,521.0,522.0,523.0,524.0,525.0,526.0,527.0,528.0,529.0,530.0,531.0,532.0,533.0,534.0,535.0,536.0,537.0,538.0,539.0,540.0,541.0,542.0,543.0,544.0,545.0,546.0,547.0,548.0,549.0,550.0,551.0,552.0,553.0,554.0,555.0,556.0,557.0,558.0,559.0,560.0,561.0,562.0,563.0,564.0,565.0,566.0,567.0,568.0,569.0,570.0,571.0,572.0,573.0,574.0,575.0,576.0,577.0,578.0,579.0,580.0,581.0,582.0,583.0,584.0,585.0,586.0,587.0,588.0,589.0,590.0,591.0,592.0,593.0,594.0,595.0,596.0,597.0,598.0,599.0,600.0
a1,1.25,1.252891,1.249542,1.248178,1.255998,1.252047,1.250312,1.254668,1.252892,1.250921,1.252971,1.252936,1.256447,1.254903,1.248454,1.248217,1.248531,1.250472,1.250315,1.252481,1.252596,1.249401,1.249924,1.2575,1.258109,1.257583,1.253373,1.255406,1.249625,1.245436,1.244312,1.244498,1.242356,1.24232,1.238137,1.23895,1.247042,1.244706,1.244121,1.242991,1.245687,1.24822,1.246047,1.24511,1.241346,1.243623,1.242401,1.244799,1.242724,1.240773,1.240461,1.2386,1.240726,1.243574,1.242461,1.244596,1.244907,1.245785,1.242553,1.243274,1.245304,1.245607,1.250072,1.253427,1.251247,1.248082,1.247057,1.246692,1.244143,1.245272,1.250769,1.251592,1.247769,1.244308,1.245519,1.246499,1.247486,1.247948,1.246867,1.245397,1.245386,1.244736,1.245488,1.245377,1.244202,1.243219,1.246348,1.248362,1.246569,1.245854,1.246827,1.246862,1.248284,1.25033,1.250048,1.249803,1.244271,1.243513,1.24539,1.246023,1.245004,1.242379,1.244888,1.247942,1.247401,1.24593,1.248584,1.247689,1.245666,1.248776,1.245858,1.24657,1.248723,1.24827,1.246723,1.251149,1.253277,1.252209,1.253728,1.256523,1.259327,1.259912,1.262031,1.256688,1.257686,1.256023,1.25393,1.257872,1.258465,1.257985,1.258426,1.260709,1.261491,1.255847,1.255308,1.256725,1.255644,1.256444,1.256518,1.255815,1.254584,1.25819,1.257712,1.257506,1.258329,1.260334,1.258603,1.263469,1.266659,1.266795,1.264217,1.26414,1.26502,1.26387,1.263563,1.267174,1.270111,1.267672,1.270166,1.270074,1.271008,1.275443,1.275518,1.277447,1.274996,1.272098,1.273755,1.276041,1.27256,1.270473,1.271361,1.27125,1.267991,1.272315,1.274725,1.272094,1.269274,1.265185,1.2655,1.262017,1.262785,1.264909,1.265503,1.267352,1.265876,1.26437,1.26492,1.263497,1.261531,1.265401,1.261948,1.261035,1.260333,1.260608,1.263085,1.264957,1.262268,1.256198,1.254667,1.252582,1.253851,1.256444,1.253422,1.251675,1.254941,1.25379,1.255509,1.259725,1.257119,1.255722,1.254272,1.256394,1.256434,1.25553,1.255063,1.257984,1.25962,1.25982,1.258435,1.26091,1.258972,1.259098,1.254783,1.25664,1.252851,1.251109,1.252276,1.253667,1.252001,1.253149,1.257095,1.260489,1.25954,1.255819,1.253953,1.250424,1.249063,1.252974,1.251659,1.256103,1.254968,1.254103,1.253362,1.252504,1.257076,1.256704,1.25549,1.258611,1.257769,1.254504,1.252478,1.256087,1.259374,1.257916,1.25751,1.252499,1.250808,1.249111,1.250282,1.251094,1.254311,1.257976,1.258343,1.258268,1.254074,1.25194,1.249498,1.251284,1.256055,1.254144,1.251999,1.247398,1.244664,1.243603,1.24818,1.249266,1.251737,1.247157,1.249637,1.251287,1.249,1.251709,1.24816,1.244998,1.247494,1.250363,1.254413,1.253416,1.249841,1.248204,1.248931,1.253513,1.25572,1.253393,1.251737,1.254279,1.255245,1.254487,1.253344,1.246183,1.246229,1.250338,1.253144,1.252117,1.251758,1.254134,1.25634,1.256306,1.25946,1.256728,1.255838,1.255716,1.256032,1.261069,1.260535,1.256887,1.254991,1.255563,1.257541,1.259811,1.258644,1.257039,1.259175,1.259217,1.261591,1.26436,1.262963,1.261253,1.263755,1.264161,1.262858,1.261428,1.259262,1.260924,1.263436,1.265069,1.267298,1.268228,1.267297,1.267527,1.265492,1.262355,1.261462,1.266059,1.266722,1.265353,1.260225,1.260493,1.268054,1.27284,1.273206,1.271436,1.264714,1.259619,1.259899,1.258341,1.262924,1.262076,1.261197,1.260308,1.255019,1.255876,1.261216,1.265506,1.264161,1.262527,1.26292,1.265883,1.266295,1.268747,1.267782,1.26611,1.267723,1.269207,1.266587,1.268023,1.26484,1.261927,1.259465,1.261733,1.261633,1.262527,1.264169,1.262343,1.262239,1.263437,1.260585,1.260817,1.264477,1.266191,1.267826,1.267628,1.263918,1.264525,1.268094,1.266301,1.268571,1.269221,1.267302,1.264883,1.266261,1.2741,1.276616,1.279877,1.274809,1.273453,1.273663,1.272508,1.270284,1.271192,1.269703,1.268911,1.270278,1.271884,1.270983,1.269807,1.269358,1.270372,1.271848,1.27013,1.273215,1.273701,1.27817,1.279227,1.277632,1.280711,1.274834,1.275151,1.273278,1.27672,1.278824,1.271071,1.270779,1.271093,1.268347,1.269563,1.273401,1.276465,1.27208,1.267755,1.268243,1.269048,1.269637,1.270036,1.269757,1.265656,1.263988,1.261401,1.258054,1.25892,1.259232,1.262759,1.26626,1.26708,1.269145,1.2689,1.266711,1.262315,1.262021,1.261691,1.259009,1.260547,1.25818,1.259664,1.267769,1.270336,1.272342,1.272445,1.263843,1.26158,1.260582,1.261997,1.26103,1.265323,1.265944,1.2673,1.262351,1.268341,1.270838,1.270233,1.263582,1.262963,1.257188,1.265557,1.26697,1.267992,1.273313,1.275302,1.277463,1.272109,1.267762,1.269135,1.269735,1.271596,1.272739,1.270347,1.271147,1.265077,1.271183,1.273831,1.27376,1.274357,1.277355,1.274096,1.270069,1.27206,1.271515,1.270122,1.270666,1.267939,1.26794,1.266416,1.266135,1.266424,1.264093,1.270547,1.272143,1.267686,1.265597,1.262936,1.2702,1.273945,1.274642,1.272303,1.272528,1.276022,1.278651,1.279352,1.277235,1.27297,1.271391,1.266938,1.266648,1.271454,1.268655,1.275118,1.278381,1.2755,1.275489,1.277529,1.281769,1.282005,1.283682,1.278365,1.275603,1.279427,1.279026,1.283556,1.282883,1.289148,1.282548,1.284291,1.282227,1.282481,1.276996,1.280009,1.281738,1.282991,1.2874,1.286871,1.284397,1.281524,1.281415,1.285969,1.287028,1.287246,1.289415,1.289885,1.287768,1.293524,1.289336,1.290431,1.290514,1.289373,1.283723,1.278165,1.283883,1.28627,1.289388,1.287669,1.290823,1.292402,1.290898,1.292371,1.293096,1.295627,1.290761,1.292885,1.29567,1.29834,1.294342,1.289283,1.290979,1.291142,1.286172,1.289029,1.286544,1.2901,1.292342,1.29515,1.297411
a2,1.25,1.245366,1.245812,1.244868,1.246107,1.252452,1.253188,1.249045,1.250509,1.247962,1.24693,1.249204,1.247316,1.248189,1.252156,1.252567,1.252175,1.251824,1.254238,1.253729,1.252161,1.25051,1.253134,1.2505,1.249233,1.246627,1.251609,1.250218,1.250028,1.246547,1.245829,1.247478,1.251416,1.250339,1.252358,1.254393,1.253311,1.246186,1.245575,1.249854,1.252376,1.250378,1.254241,1.254645,1.255008,1.256244,1.252464,1.253018,1.251947,1.250991,1.252211,1.252111,1.254169,1.252628,1.251539,1.252055,1.25062,1.248886,1.248206,1.244896,1.243256,1.246392,1.244535,1.242856,1.241816,1.247703,1.248246,1.244579,1.24905,1.250559,1.249678,1.251125,1.251031,1.248057,1.243927,1.246868,1.24876,1.245753,1.243843,1.246906,1.246752,1.246591,1.249685,1.251042,1.254019,1.251428,1.250997,1.25194,1.251122,1.25181,1.250147,1.255334,1.2546,1.254483,1.254728,1.253361,1.258335,1.258175,1.254582,1.251702,1.249692,1.249268,1.248027,1.246593,1.249837,1.250952,1.251256,1.25163,1.251394,1.251255,1.254315,1.254653,1.251525,1.249238,1.248629,1.248212,1.247137,1.249058,1.250391,1.250907,1.245912,1.246829,1.243118,1.245221,1.246267,1.246561,1.247554,1.242821,1.243943,1.242405,1.242138,1.241871,1.240256,1.237777,1.239991,1.241966,1.240201,1.237797,1.239582,1.241676,1.239363,1.239377,1.238613,1.237788,1.237625,1.23664,1.240799,1.238287,1.237334,1.234594,1.233284,1.231501,1.232781,1.230978,1.232248,1.23274,1.235601,1.238837,1.239111,1.237194,1.23553,1.233971,1.23611,1.23259,1.232824,1.231969,1.232214,1.230031,1.234437,1.23523,1.236028,1.235849,1.234279,1.232876,1.231597,1.232681,1.231324,1.233502,1.231028,1.23304,1.234449,1.229884,1.226459,1.227308,1.225941,1.231427,1.232714,1.236889,1.236447,1.233332,1.231319,1.228575,1.226946,1.227881,1.224362,1.223295,1.225546,1.225611,1.226138,1.229101,1.226126,1.225443,1.224321,1.227161,1.225261,1.227741,1.224872,1.220589,1.222154,1.223038,1.226302,1.228051,1.228103,1.230763,1.232818,1.232153,1.23016,1.228747,1.225494,1.224791,1.225169,1.222601,1.227765,1.224199,1.229323,1.230229,1.227285,1.222351,1.222373,1.22233,1.22064,1.216985,1.214535,1.217611,1.217782,1.217441,1.214532,1.216545,1.218367,1.214048,1.21349,1.214185,1.214124,1.214539,1.210377,1.212821,1.211618,1.209366,1.212426,1.212861,1.217075,1.218867,1.220476,1.219222,1.220672,1.222705,1.223486,1.22637,1.219608,1.219959,1.216321,1.216871,1.217624,1.219246,1.221752,1.226832,1.225901,1.222869,1.219807,1.221206,1.226061,1.225397,1.229074,1.227273,1.226104,1.224787,1.221064,1.222934,1.22373,1.220415,1.221198,1.219046,1.217899,1.218229,1.21735,1.210748,1.210822,1.213454,1.214384,1.215406,1.216165,1.218022,1.214693,1.211527,1.211473,1.209767,1.212961,1.214324,1.21784,1.216174,1.215643,1.215333,1.216838,1.218057,1.219894,1.217959,1.216657,1.216672,1.212554,1.212239,1.215696,1.214504,1.214212,1.214393,1.214291,1.218276,1.22023,1.220468,1.218894,1.217587,1.21586,1.216127,1.214309,1.21613,1.215007,1.210291,1.208285,1.208372,1.207051,1.205119,1.207088,1.210925,1.213859,1.215654,1.215837,1.216369,1.212992,1.211642,1.210285,1.211565,1.212244,1.213394,1.214424,1.208756,1.202412,1.20253,1.203483,1.207504,1.204438,1.202597,1.203324,1.200367,1.203692,1.207171,1.210148,1.210559,1.206532,1.207553,1.203746,1.208335,1.213328,1.21291,1.207932,1.204546,1.2053,1.204703,1.205083,1.203225,1.201744,1.202642,1.203138,1.199962,1.198744,1.198502,1.2011,1.200743,1.200534,1.20062,1.202782,1.202085,1.202399,1.199104,1.195656,1.197806,1.193973,1.191978,1.19209,1.191061,1.191129,1.19259,1.192344,1.196923,1.203244,1.204385,1.202462,1.203675,1.200305,1.200376,1.203501,1.201856,1.1982,1.194518,1.192126,1.192258,1.196844,1.197344,1.19714,1.198974,1.199578,1.197374,1.203917,1.203873,1.20592,1.203847,1.206053,1.202581,1.201886,1.204853,1.20164,1.205112,1.203113,1.204154,1.202112,1.199961,1.198628,1.198301,1.199795,1.203103,1.20148,1.200679,1.203588,1.206411,1.201543,1.19976,1.203468,1.203196,1.199723,1.196952,1.198672,1.200293,1.19893,1.200397,1.200014,1.198758,1.19886,1.197001,1.19646,1.196338,1.194415,1.195539,1.193283,1.190109,1.189151,1.188365,1.182635,1.183257,1.182547,1.184161,1.181527,1.185525,1.188427,1.18824,1.192073,1.188975,1.185022,1.181695,1.182332,1.185303,1.190366,1.191377,1.191189,1.188734,1.18958,1.186489,1.187344,1.189701,1.187708,1.184208,1.182721,1.180474,1.183976,1.188736,1.185085,1.178876,1.179125,1.17934,1.175608,1.179394,1.178074,1.183318,1.182103,1.180505,1.179419,1.174386,1.174196,1.171263,1.171345,1.175649,1.172373,1.170411,1.170597,1.164736,1.166243,1.171104,1.169287,1.171708,1.171956,1.17129,1.172253,1.170827,1.167106,1.162327,1.164208,1.162569,1.163107,1.159348,1.157312,1.161121,1.162217,1.161957,1.154753,1.15302,1.154151,1.151631,1.149859,1.148869,1.147537,1.150906,1.150159,1.152873,1.14682,1.146244,1.147504,1.148522,1.147243,1.144534,1.143837,1.142959,1.144541,1.144877,1.142475,1.140351,1.138578,1.138514,1.139636,1.137846,1.135266,1.13238,1.134181,1.134277,1.135299,1.13632,1.13664,1.133054,1.134922,1.136732,1.136613,1.135502,1.129676,1.127156,1.131064,1.130531,1.132485,1.128907,1.128272,1.126222,1.129408,1.127358,1.126912,1.124595,1.128623,1.129411,1.13058,1.125809,1.125559,1.125002,1.120226,1.121047,1.121845,1.126392,1.124498,1.122808,1.121543,1.121279,1.123088,1.123475,1.123732,1.119716,1.114917,1.114378,1.119005,1.120036,1.120103,1.119442,1.118487,1.119526,1.116984,1.117274,1.114253,1.109973,1.112317
a3,1.25,1.251756,1.254662,1.256985,1.247918,1.245513,1.246509,1.246301,1.246607,1.251119,1.250107,1.247865,1.246262,1.246923,1.249392,1.249221,1.249296,1.247708,1.245462,1.243814,1.245257,1.250089,1.24695,1.242048,1.242706,1.245824,1.245033,1.2444,1.250347,1.258056,1.259917,1.258065,1.256268,1.257386,1.2596,1.256732,1.249655,1.259158,1.260369,1.257195,1.251948,1.251404,1.249726,1.250263,1.253691,1.250165,1.255172,1.252199,1.255364,1.258298,1.257388,1.259377,1.255156,1.253824,1.256038,1.253368,1.254492,1.255348,1.259298,1.261916,1.26152,1.258041,1.255417,1.253749,1.256984,1.254225,1.254711,1.258775,1.25684,1.254185,1.249553,1.247288,1.251203,1.257672,1.260622,1.25666,1.253763,1.256324,1.259343,1.257733,1.2579,1.258718,1.254844,1.253595,1.2518,1.255384,1.252664,1.249701,1.252317,1.252347,1.253034,1.247821,1.247129,1.245205,1.245242,1.246844,1.247437,1.248357,1.250045,1.252285,1.255325,1.258405,1.257117,1.255483,1.252768,1.253128,1.250161,1.250684,1.252952,1.24997,1.249841,1.248791,1.249755,1.252496,1.254662,1.250641,1.249594,1.248736,1.245893,1.24261,1.244812,1.24332,1.244938,1.248119,1.246083,1.247438,1.248525,1.249353,1.247637,1.249658,1.249489,1.247495,1.248345,1.256467,1.254762,1.251354,1.254213,1.255849,1.253967,1.252553,1.256123,1.252508,1.253756,1.254798,1.254143,1.253144,1.250662,1.248373,1.246188,1.248819,1.252696,1.254585,1.25241,1.255385,1.254397,1.250323,1.244543,1.243681,1.240964,1.242978,1.243737,1.240978,1.238758,1.24042,1.242569,1.246263,1.244395,1.24437,1.24332,1.244564,1.24289,1.243179,1.247959,1.245134,1.244071,1.245546,1.24969,1.251515,1.253718,1.255126,1.252932,1.255471,1.258386,1.255681,1.258547,1.254433,1.252578,1.249756,1.252151,1.251474,1.25695,1.26067,1.263045,1.261809,1.262954,1.262185,1.26255,1.268584,1.269587,1.268634,1.270425,1.268509,1.272734,1.271561,1.270217,1.268816,1.270046,1.270238,1.271241,1.271735,1.269817,1.265866,1.265772,1.263945,1.262309,1.260057,1.26046,1.261709,1.26645,1.264689,1.266246,1.268779,1.267786,1.269601,1.268133,1.268963,1.270822,1.274536,1.276209,1.275084,1.272841,1.273226,1.276757,1.277304,1.279025,1.282995,1.28747,1.281327,1.280755,1.280763,1.282511,1.282661,1.283485,1.283924,1.283654,1.281446,1.283959,1.283159,1.280779,1.283651,1.281276,1.275716,1.270709,1.27349,1.272389,1.275355,1.276263,1.274993,1.28086,1.279662,1.280196,1.27589,1.27473,1.273109,1.274747,1.271631,1.275084,1.276421,1.274765,1.275246,1.272372,1.277757,1.276732,1.279698,1.27622,1.276482,1.277846,1.280577,1.277205,1.278985,1.280506,1.279991,1.284838,1.287752,1.286104,1.29015,1.285906,1.284137,1.286824,1.287428,1.285875,1.279222,1.280473,1.286203,1.287963,1.287166,1.282788,1.282121,1.279586,1.288702,1.289218,1.285308,1.280845,1.280612,1.27905,1.278654,1.277776,1.277795,1.278924,1.282037,1.279297,1.280677,1.280663,1.275357,1.276006,1.275522,1.275404,1.274575,1.274213,1.273282,1.276273,1.277622,1.277364,1.275409,1.274186,1.276348,1.279882,1.281526,1.280387,1.282028,1.281258,1.278646,1.277749,1.274182,1.271456,1.26926,1.270555,1.271038,1.273398,1.271821,1.273153,1.275108,1.274928,1.276255,1.282317,1.283578,1.287782,1.28322,1.278815,1.275957,1.27482,1.279739,1.282987,1.284464,1.28102,1.282171,1.281781,1.281559,1.286508,1.282525,1.282631,1.282197,1.28203,1.281275,1.281836,1.284132,1.283327,1.2823,1.283462,1.280025,1.280471,1.285556,1.285225,1.283982,1.283854,1.282782,1.286235,1.289111,1.289309,1.287738,1.287503,1.290127,1.292168,1.291714,1.295967,1.296905,1.299717,1.300601,1.296762,1.29342,1.292018,1.287277,1.284274,1.282441,1.280877,1.281397,1.282696,1.281963,1.28057,1.284776,1.287294,1.283316,1.283358,1.279946,1.280111,1.280938,1.280946,1.280146,1.281742,1.283184,1.277707,1.278552,1.275008,1.27559,1.274159,1.279022,1.280214,1.276042,1.277969,1.276011,1.275034,1.273446,1.271148,1.272375,1.27538,1.272661,1.276937,1.273109,1.276704,1.274112,1.268942,1.273693,1.279148,1.280732,1.279551,1.278614,1.27845,1.278334,1.2809,1.283534,1.284499,1.282115,1.281929,1.282869,1.283042,1.289199,1.291484,1.294264,1.299797,1.297681,1.299813,1.299639,1.29709,1.297108,1.301273,1.300839,1.303869,1.306627,1.309844,1.305768,1.305355,1.303967,1.30222,1.304076,1.30006,1.301086,1.298335,1.294976,1.298244,1.29947,1.300703,1.301929,1.302,1.300964,1.299389,1.295427,1.302687,1.300367,1.299444,1.302538,1.305521,1.30093,1.310932,1.309122,1.307386,1.306093,1.304765,1.298549,1.297803,1.297491,1.303278,1.30363,1.304214,1.307886,1.306924,1.312664,1.311746,1.313214,1.310558,1.310025,1.30989,1.315865,1.31108,1.308978,1.315169,1.310397,1.310682,1.312865,1.311225,1.315646,1.319839,1.326861,1.325012,1.326577,1.328408,1.325945,1.326611,1.326907,1.327845,1.330941,1.331584,1.329666,1.327636,1.332988,1.334805,1.332298,1.331102,1.326479,1.32954,1.330854,1.33954,1.344924,1.343754,1.337489,1.341935,1.338293,1.33569,1.339735,1.337894,1.335366,1.333747,1.335985,1.336318,1.341952,1.343533,1.341625,1.345096,1.343764,1.342334,1.335698,1.341362,1.338338,1.340115,1.344091,1.347641,1.342328,1.340658,1.34066,1.342958,1.346514,1.344446,1.348096,1.345885,1.345369,1.345019,1.347238,1.341178,1.343127,1.345868,1.342639,1.342194,1.340118,1.338647,1.345509,1.351732,1.358282,1.357997,1.354485,1.350249,1.346592,1.345565,1.345944,1.349032,1.347812,1.344886,1.341796,1.346547,1.349156,1.35205,1.349923,1.348493,1.352539,1.350681,1.351309,1.357688,1.353422,1.359122,1.355024,1.35634,1.358619,1.353392
