,0,1,2,3,4,5,6,7,8,9,10,11,12,13,14,15,16,17,18,19,20,21,22,23,24,25,26,27,28,29,30,31,32,33,34,35,36,37,38,39,40,41,42,43,44,45,46,47,48,49,50,51,52,53,54,55,56,57,58,59,60,61,62,63,64,65,66,67,68,69,70,71,72,73,74,75,76,77,78,79,80,81,82,83,84,85,86,87,88,89,90,91,92,93,94,95,96,97,98,99,100,101,102,103,104,105,106,107,108,109,110,111,112,113,114,115,116,117,118,119,120,121,122,123,124,125,126,127,128,129,130,131,132,133,134,135,136,137,138,139,140,141,142,143,144,145,146,147,148,149,150,151,152,153,154,155,156,157,158,159,160,161,162,163,164,165,166,167,168,169,170,171,172,173,174,175,176,177,178,179,180,181,182,183,184,185,186,187,188,189,190,191,192,193,194,195,196,197,198,199,200,201,202,203,204,205,206,207,208,209,210,211,212,213,214,215,216,217,218,219,220,221,222,223,224,225,226,227,228,229,230,231,232,233,234,235,236,237,238,239,240,241,242,243,244,245,246,247,248,249,250,251,252,253,254,255,256,257,258,259,260,261,262,263,264,265,266,267,268,269,270,271,272,273,274,275,276,277,278,279,280,281,282,283,284,285,286,287,288,289,290,291,292,293,294,295,296,297,298,299,300,301,302,303,304,305,306,307,308,309,310,311,312,313,314,315,316,317,318,319,320,321,322,323,324,325,326,327,328,329,330,331,332,333,334,335,336,337,338,339,340,341,342,343,344,345,346,347,348,349,350,351,352,353,354,355,356,357,358,359,360,361,362,363,364,365,366,367,368,369,370,371,372,373,374,375,376,377,378,379,380,381,382,383,384,385,386,387,388,389,390,391,392,393,394,395,396,397,398,399,400,401,402,403,404,405,406,407,408,409,410,411,412,413,414,415,416,417,418,419,420,421,422,423,424,425,426,427,428,429,430,431,432,433,434,435,436,437,438,439,440,441,442,443,444,445,446,447,448,449,450,451,452,453,454,455,456,457,458,459,460,461,462,463,464,465,466,467,468,469,470,471,472,473,474,475,476,477,478,479,480,481,482,483,484,485,486,487,488,489,490,491,492,493,494,495,496,497,498,499,500,501,502,503,504,505,506,507,508,509,510,511,512,513,514,515,516,517,518,519,520,521,522,523,524,525,526,527,528,529,530,531,532,533,534,535,536,537,538,539,540,541,542,543,544,545,546,547,548,549,550,551,552,553,554,555,556,557,558,559,560,561,562,563,564,565,566,567,568,569,570,571,572,573,574,575,576,577,578,579,580,581,582,583,584,585,586,587,588,589,590,591,592,593,594,595,596,597,598,599,600
Time,0.0,1.0,2.0,3.0,4.0,5.0,6.0,7.0,8.0,9.0,10.0,11.0,12.0,13.0,14.0,15.0,16.0,17.0,18.0,19.0,20.0,21.0,22.0,23.0,24.0,25.0,26.0,27.0,28.0,29.0,30.0,31.0,32.0,33.0,34.0,35.0,36.0,37.0,38.0,39.0,40.0,41.0,42.0,43.0,44.0,45.0,46.0,47.0,48.0,49.0,50.0,51.0,52.0,53.0,54.0,55.0,56.0,57.0,58.0,59.0,60.0,61.0,62.0,63.0,64.0,65.0,66.0,67.0,68.0,69.0,70.0,71.0,72.0,73.0,74.0,75.0,76.0,77.0,78.0,79.0,80.0,81.0,82.0,83.0,84.0,85.0,86.0,87.0,88.0,89.0,90.0,91.0,92.0,93.0,94.0,95.0,96.0,97.0,98.0,99.0,100.0,101.0,102.0,103.0,104.0,105.0,106.0,107.0,108.0,109.0,110.0,111.0,112.0,113.0,114.0,115.0,116.0,117.0,118.0,119.0,120.0,121.0,122.0,123.0,124.0,125.0,126.0,127.0,128.0,129.0,130.0,131.0,132.0,133.0,134.0,135.0,136.0,137.0,138.0,139.0,140.0,141.0,142.0,143.0,144.0,145.0,146.0,147.0,148.0,149.0,150.0,151.0,152.0,153.0,154.0,155.0,156.0,157.0,158.0,159.0,160.0,161.0,162.0,163.0,164.0,165.0,166.0,167.0,168.0,169.0,170.0,171.0,172.0,173.0,174.0,175.0,176.0,177.0,178.0,179.0,180.0,181.0,182.0,183.0,184.0,185.0,186.0,187.0,188.0,189.0,190.0,191.0,192.0,193.0,194.0,195.0,196.0,197.0,198.0,199.0,200.0,201.0,202.0,203.0,204.0,205.0,206.0,207.0,208.0,209.0,210.0,211.0,212.0,213.0,214.0,215.0,216.0,217.0,218.0,219.0,220.0,221.0,222.0,223.0,224.0,225.0,226.0,227.0,228.0,229.0,230.0,231.0,232.0,233.0,234.0,235.0,236.0,237.0,238.0,239.0,240.0,241.0,242.0,243.0,244.0,245.0,246.0,247.0,248.0,249.0,250.0,251.0,252.0,253.0,254.0,255.0,256.0,257.0,258.0,259.0,260.0,261.0,262.0,263.0,264.0,265.0,266.0,267.0,268.0,269.0,270.0,271.0,272.0,273.0,274.0,275.0,276.0,277.0,278.0,279.0,280.0,281.0,282.0,283.0,284.0,285.0,286.0,287.0,288.0,289.0,290.0,291.0,292.0,293.0,294.0,295.0,296.0,297.0,298.0,299.0,300.0,301.0,302.0,303.0,304.0,305.0,306.0,307.0,308.0,309.0,310.0,311.0,312.0,313.0,314.0,315.0,316.0,317.0,318.0,319.0,320.0,321.0,322.0,323.0,324.0,325.0,326.0,327.0,328.0,329.0,330.0,331.0,332.0,333.0,334.0,335.0,336.0,337.0,338.0,339.0,340.0,341.0,342.0,343.0,344.0,345.0,346.0,347.0,348.0,349.0,350.0,351.0,352.0,353.0,354.0,355.0,356.0,357.0,358.0,359.0,360.0,361.0,362.0,363.0,364.0,365.0,366.0,367.0,368.0,369.0,370.0,371.0,372.0,373.0,374.0,375.0,376.0,377.0,378.0,379.0,380.0,381.0,382.0,383.0,384.0,385.0,386.0,387.0,388.0,389.0,390.0,391.0,392.0,393.0,394.0,395.0,396.0,397.0,398.0,399.0,400.0,401.0,402.0,403.0,404.0,405.0,406.0,407.0,408.0,409.0,410.0,411.0,412.0,413.0,414.0,415.0,416.0,417.0,418.0,419.0,420.0,421.0,422.0,423.0,424.0,425.0,426.0,427.0,428.0,429.0,430.0,431.0,432.0,433.0,434.0,435.0,436.0,437.0,438.0,439.0,440.0,441.0,442.0,443.0,444.0,445.0,446.0,447.0,448.0,449.0,450.0,451.0,452.0,453.0,454.0,455.0,456.0,457.0,458.0,459.0,460.0,461.0,462.0,463.0,464.0,465.0,466.0,467.0,468.0,469.0,470.0,471.0,472.0,473.0,474.0,475.0,476.0,477.0,478.0,479.0,480.0,481.0,482.0,483.0,484.0,485.0,486.0,487.0,488.0,489.0,490.0,491.0,492.0,493.0,494.0,495.0,496.0,497.0,498.0,499.0,500.0,501.0,502.0,503.0,504.0,505.0,506.0,507.0,508.0,509.0,510.0,511.0,512.0,513.0,514.0,515.0,516.0,517.0,518.0,519.0,520.0,521.0,522.0,523.0,524.0,525.0,526.0,527.0,528.0,529.0,530.0,531.0,532.0,533.0,534.0,535.0,536.0,537.0,538.0,539.0,540.0,541.0,542.0,543.0,544.0,545.0,546.0,547.0,548.0,549.0,550.0,551.0,552.0,553.0,554.0,555.0,556.0,557.0,558.0,559.0,560.0,561.0,562.0,563.0,564.0,565.0,566.0,567.0,568.0,569.0,570.0,571.0,572.0,573.0,574.0,575.0,576.0,577.0,578.0,579.0,580.0,581.0,582.0,583.0,584.0,585.0,586.0,587.0,588.0,589.0,590.0,591.0,592.0,593.0,594.0,595.0,596.0,597.0,598.0,599.0,600.0
a1,2.0,1.995086,1.994619,1.997711,1.996321,1.989437,1.989605,1.98621,1.987435,1.983246,1.986478,1.990511,1.994516,1.990542,1.996479,1.996816,1.990315,1.998304,1.996632,1.995538,1.990415,1.995571,1.994887,1.995595,2.003141,1.998521,1.996176,1.997234,2.002149,2.001126,2.000582,1.999401,2.004652,2.008398,2.006839,2.009603,2.012974,2.016396,2.012896,2.009778,2.010149,2.017464,2.017001,2.01464,2.014831,2.015044,2.021371,2.024085,2.018703,2.020691,2.023805,2.02377,2.028291,2.030761,2.031146,2.029953,2.026993,2.033073,2.028191,2.030032,2.033531,2.03649,2.037301,2.038147,2.037323,2.037478,2.032353,2.033803,2.035019,2.034897,2.033699,2.030756,2.029625,2.025525,2.027406,2.033231,2.035823,2.034583,2.03469,2.035551,2.029531,2.025797,2.023499,2.024727,2.019133,2.021486,2.026801,2.028143,2.024074,2.026649,2.028087,2.030337,2.033739,2.031312,2.032605,2.031941,2.030503,2.036352,2.040837,2.038922,2.038488,2.033241,2.036649,2.039861,2.041747,2.040097,2.043662,2.044485,2.042873,2.042256,2.036515,2.037905,2.037422,2.036927,2.035856,2.03007,2.030052,2.030792,2.0284,2.031248,2.029579,2.027578,2.023787,2.025793,2.026723,2.02434,2.026811,2.02792,2.025473,2.02207,2.020018,2.01462,2.015792,2.015801,2.014024,2.012608,2.01322,2.009538,2.011587,2.00825,2.011448,2.010448,2.009447,2.009819,2.012352,2.010852,2.004699,2.004746,2.004502,2.004948,2.005491,2.006601,2.006897,2.010484,2.009274,2.009947,2.008013,2.007526,2.011045,2.015509,2.016803,2.01553,2.01487,2.015899,2.01544,2.013833,2.01305,2.017082,2.020787,2.022586,2.018806,2.016286,2.016906,2.018212,2.017696,2.01972,2.021364,2.020991,2.022632,2.028809,2.028811,2.029405,2.024562,2.021042,2.017927,2.023632,2.02775,2.027128,2.02748,2.026412,2.025148,2.0244,2.026051,2.026641,2.024248,2.020547,2.017154,2.014917,2.017859,2.016887,2.016098,2.018371,2.017974,2.014162,2.013704,2.012833,2.01098,2.010459,2.011495,2.011375,2.009468,2.008837,2.006961,2.006018,2.005199,2.004929,2.003694,2.005218,2.005347,2.002206,1.999531,1.999791,2.000869,2.001104,2.000575,2.000266,2.001934,2.00484,2.00219,2.001137,2.000058,2.000046,2.000904,2.000225,2.000474,2.003498,2.004956,2.006932,2.006027,2.004637,2.003757,2.004942,2.006229,2.00627,2.005833,2.004922,2.006753,2.008048,2.010145,2.008842,2.008365,2.008328,2.007528,2.007107,2.006081,2.007033,2.005746,2.004629,2.001871,1.999488,1.999291,1.9997,2.000428,2.001523,2.002109,2.002975,2.001297,2.002456,2.003762,2.005178,2.0061,2.007722,2.009504,2.010727,2.008874,2.009838,2.010536,2.008977,2.010067,2.010442,2.010592,2.010174,2.01113,2.01231,2.0122,2.0113,2.007969,2.006703,2.007145,2.006351,2.007647,2.007375,2.006624,2.006452,2.006864,2.007107,2.007408,2.008745,2.008328,2.008228,2.007767,2.00877,2.010051,2.0093,2.01025,2.009768,2.009327,2.009158,2.008449,2.008515,2.008109,2.008124,2.009359,2.010306,2.012719,2.012908,2.012991,2.013868,2.013207,2.011799,2.011731,2.011525,2.011437,2.011141,2.010017,2.00884,2.007247,2.007242,2.006324,2.005097,2.003823,2.001955,2.00344,2.00569,2.004951,2.002992,2.003511,2.003205,2.002647,2.00205,2.000641,1.999655,2.001102,2.002799,2.003115,2.004026,2.003179,2.00127,2.00143,2.001271,2.001329,2.003316,2.004951,2.004698,2.004334,2.003635,2.002112,2.001086,2.001931,2.004294,2.004796,2.004813,2.007222,2.008858,2.01027,2.009199,2.007798,2.007103,2.005384,2.004243,2.006027,2.006576,2.006086,2.005564,2.005499,2.003522,2.003566,2.003133,2.002457,2.001479,2.002074,2.003368,2.002615,2.002279,2.002411,2.001529,2.001683,2.003088,2.0029,2.001726,2.000669,2.000768,2.00166,2.001472,2.000595,2.001639,2.002821,2.004174,2.004757,2.005479,2.005831,2.007183,2.005788,2.005535,2.004678,2.005233,2.005224,2.005579,2.007574,2.006747,2.007889,2.007251,2.006416,2.006096,2.005474,2.00636,2.007712,2.008752,2.009309,2.010765,2.007955,2.007866,2.008055,2.006797,2.008257,2.007711,2.009498,2.00941,2.011353,2.010992,2.010556,2.010393,2.011311,2.012444,2.012397,2.010589,2.010712,2.012346,2.012088,2.012676,2.011989,2.012393,2.009626,2.009606,2.009672,2.010103,2.008524,2.006883,2.006621,2.004802,2.003763,2.003429,2.00257,2.001579,2.001152,2.000104,2.000252,2.000383,1.999863,2.000901,2.003886,2.003665,2.002912,2.002723,2.001864,2.002548,2.001505,2.001707,2.000763,2.001436,2.001623,2.004605,2.002494,2.001743,2.000758,1.999676,1.998894,1.998413,1.998426,1.99754,2.000108,1.998667,1.997144,1.99722,1.996725,1.99622,1.995539,1.995575,1.996257,1.995263,1.994755,1.993829,1.9949,1.995995,1.995765,1.996813,1.997124,1.997517,1.997282,1.997593,1.998146,1.999711,2.001877,2.002826,2.001813,1.998994,1.996485,1.996766,1.997509,1.998208,1.998896,1.999026,1.99983,1.999838,2.000191,1.99935,1.997916,1.996243,1.994847,1.99394,1.994108,1.994215,1.993475,1.993358,1.993297,1.99374,1.994572,1.995007,1.994102,1.994289,1.993709,1.993812,1.994478,1.995164,1.998338,1.999832,2.002015,2.002472,2.000444,1.998869,1.997657,1.994463,1.994558,1.994292,1.994596,1.995249,1.99593,1.994934,1.996781,1.994961,1.995599,1.994674,1.993894,1.992495,1.994012,1.994119,1.99318,1.995456,1.995455,1.995598,1.99652,1.996887,1.996926,1.996096,1.995387,1.995286,1.996449,2.000811,2.003011,2.003686,2.001218,2.004702,2.005481,2.00564,2.005494,2.004292,2.004469,2.002485,2.001272,2.001754,2.00203,2.00161,2.001696,1.999523,1.997261,1.995157,1.994434,1.992543,1.992487,1.992601,1.992988,1.995717,1.997715,1.996449,1.996695,1.997198,1.995144,1.996018,1.99749,1.995168,1.992601
a2,2.0,2.002028,2.000699,1.997677,1.996594,2.001607,2.000394,2.000265,1.997177,2.003451,2.000776,1.998182,1.99384,2.001277,1.998342,2.000267,2.000356,1.99581,2.0008,2.005517,2.010036,2.006649,2.008209,2.011106,2.012064,2.007326,2.006513,2.004997,2.002455,1.999562,2.000033,2.006913,2.00974,2.00717,2.003542,2.005703,2.00807,2.005297,2.006717,2.00565,2.005998,2.001573,2.000231,2.00088,2.005849,2.00265,2.001765,1.992535,1.995946,1.994738,1.991523,1.993299,1.987915,1.984455,1.980724,1.980216,1.98171,1.981017,1.975794,1.975271,1.971457,1.970702,1.96649,1.966727,1.966892,1.963958,1.973037,1.973813,1.976852,1.972277,1.969967,1.970391,1.973329,1.980882,1.979788,1.976049,1.97976,1.984921,1.984815,1.989073,1.993358,1.994753,1.992385,1.988383,1.989605,1.98731,1.983667,1.983704,1.988661,1.985791,1.986438,1.985826,1.985005,1.989345,1.989681,1.991003,1.993647,1.986749,1.986433,1.98924,1.992459,1.998555,1.998153,1.997315,1.996323,1.99802,1.994616,1.992495,1.993017,1.99441,1.996014,1.992889,1.990393,1.99025,1.986801,1.986685,1.989187,1.987749,1.98706,1.987516,1.989248,1.991745,1.994618,1.994822,1.991434,1.994182,1.996863,1.995981,1.998262,1.999315,1.997943,1.998146,1.994503,1.991005,1.993975,1.994141,1.992988,1.992843,1.991326,1.98709,1.984818,1.983919,1.984983,1.98362,1.982114,1.984287,1.988427,1.98871,1.986637,1.985403,1.987338,1.989702,1.990568,1.987729,1.984899,1.983597,1.987432,1.985547,1.985506,1.984095,1.983081,1.985069,1.986394,1.986851,1.985814,1.985016,1.98507,1.983945,1.981344,1.979108,1.980074,1.98355,1.983149,1.981049,1.98181,1.980995,1.980034,1.980231,1.978139,1.975928,1.977264,1.976019,1.979504,1.980992,1.98386,1.981235,1.982074,1.984648,1.983476,1.983835,1.984048,1.986829,1.98634,1.988198,1.990317,1.991042,1.993074,1.993828,1.993139,1.994822,1.997339,1.998186,1.99993,2.002221,2.001063,2.003297,2.004748,2.003829,2.003747,2.005287,2.007014,2.006605,2.008404,2.007784,2.006553,2.003859,2.003102,2.001181,1.999969,2.003171,2.003059,2.001609,2.002445,2.002883,2.003997,2.004162,2.003467,2.0021,2.005571,2.005353,2.005601,2.003819,2.004686,2.003235,2.002438,2.003018,2.001874,2.002884,2.005742,2.006908,2.008324,2.008233,2.007047,2.006305,2.004979,2.004363,2.002898,2.000543,1.999268,1.998176,1.997282,1.99692,1.996517,1.996279,1.995373,1.994687,1.996681,1.998405,2.001179,2.003314,2.003638,2.003064,2.002122,2.002192,2.002424,2.002995,2.003858,2.003056,2.002175,2.00277,2.002331,2.003231,2.002934,2.002214,2.002239,2.002262,2.001652,2.004719,2.002898,2.001934,2.001265,2.001417,2.001499,2.004006,2.005053,2.005742,2.006526,2.006884,2.006422,2.005604,2.004957,2.005136,2.005706,2.004605,2.004179,2.003352,2.003291,2.004374,2.004901,2.005451,2.005042,2.005144,2.00477,2.005237,2.004807,2.005003,2.005246,2.005484,2.005355,2.006308,2.00717,2.008448,2.007514,2.007385,2.006201,2.005049,2.00468,2.003069,2.000522,1.999615,1.999993,1.999371,1.998997,1.997532,1.997494,1.998296,1.998145,1.997405,1.998168,1.999215,2.000644,2.001708,2.000329,1.998238,1.998428,1.998575,1.999908,2.000139,2.000541,2.000904,2.001841,2.001684,2.000736,1.999331,1.99948,2.000588,2.002103,2.003211,2.001483,2.002486,2.002345,2.001591,1.999816,1.999074,2.000832,2.003554,2.006002,2.007169,2.006999,2.005497,2.005288,2.005452,2.003632,2.002516,2.002381,2.003,2.004211,2.004981,2.004892,2.004653,2.002934,2.002276,2.000718,1.999873,1.999172,2.00131,2.000753,2.000129,1.99976,1.999488,2.000025,1.999753,2.000347,2.000412,1.99985,1.998933,1.997921,1.996257,1.996105,1.996853,1.995844,1.995281,1.994334,1.993477,1.994709,1.995633,1.995,1.995325,1.995606,1.99563,1.995824,1.996073,1.996563,1.996446,1.997281,1.995953,1.996617,1.995843,1.994751,1.994284,1.993731,1.99378,1.994147,1.994729,1.995312,1.994974,1.994062,1.993478,1.993991,1.993612,1.994875,1.994389,1.994615,1.996037,1.99574,1.996756,1.996813,1.996419,1.995262,1.996164,1.995979,1.996691,1.997039,1.99602,1.995779,1.997121,1.997519,1.996163,1.995391,1.995147,1.995694,1.994794,1.994499,1.994223,1.99298,1.992222,1.992822,1.992517,1.99267,1.993405,1.993639,1.992633,1.993104,1.992124,1.991619,1.991714,1.992116,1.992705,1.99383,1.994001,1.990989,1.990277,1.989709,1.989655,1.98998,1.990511,1.989633,1.988908,1.988206,1.986196,1.984927,1.98026,1.979363,1.978629,1.978043,1.97841,1.979735,1.980725,1.979666,1.980752,1.980554,1.980224,1.981057,1.981882,1.981862,1.98074,1.980706,1.978943,1.979091,1.98065,1.982717,1.982942,1.983005,1.983395,1.984828,1.985604,1.986261,1.986916,1.986926,1.987629,1.987648,1.98727,1.984793,1.985179,1.986266,1.987934,1.989349,1.990705,1.990183,1.989749,1.989642,1.989258,1.988794,1.989412,1.9895,1.989848,1.989839,1.98901,1.989401,1.989185,1.990339,1.991496,1.992785,1.993049,1.993296,1.993495,1.992497,1.991967,1.99271,1.994516,1.994624,1.994596,1.995649,1.996607,1.993998,1.993318,1.992384,1.990467,1.990554,1.990209,1.991474,1.991856,1.992175,1.991881,1.992444,1.992177,1.993061,1.993842,1.993808,1.994143,1.994426,1.992187,1.991148,1.992706,1.992932,1.994172,1.99586,1.995071,1.996568,1.996981,1.996492,1.996032,1.997043,1.997385,1.998539,1.998961,1.998493,1.997483,1.996665,1.997355,1.997239,1.993955,1.991775,1.990283,1.990205,1.989632,1.988847,1.989811,1.989903,1.990263,1.988835,1.988737,1.988579,1.989825,1.992631,1.993696,1.992795,1.993126,1.992993,1.993148,1.993992,1.992412,1.991692,1.992708,1.993272,1.992731,1.994642,1.996203,1.99621,1.99617,1.996446
a3,2.0,2.002896,2.004695,2.00462,2.007104,2.009004,2.010054,2.013619,2.01549,2.013422,2.012834,2.011363,2.011695,2.00822,2.00519,2.002922,2.009374,2.0059,2.002572,1.998958,1.999598,1.997797,1.99693,1.993345,1.984891,1.994175,1.997327,1.997779,1.995404,1.999312,1.999384,1.993709,1.985688,1.984523,1.989661,1.984784,1.979124,1.978497,1.980535,1.984663,1.983953,1.981129,1.982913,1.984593,1.979489,1.982442,1.977111,1.983606,1.985495,1.984743,1.984887,1.983154,1.984092,1.985135,1.988496,1.990176,1.99158,1.986318,1.996363,1.995081,1.995501,1.993365,1.996838,1.99577,1.99641,1.999239,1.995058,1.992852,1.9886,1.993332,1.996846,1.999308,1.997444,1.993856,1.993106,1.991157,1.984895,1.98094,1.980941,1.975865,1.977466,1.979726,1.98433,1.987117,1.991399,1.991377,1.989803,1.98845,1.98748,1.987824,1.985767,1.984179,1.981678,1.979718,1.978124,1.977457,1.976233,1.977398,1.973367,1.972433,1.969665,1.968724,1.965826,1.963554,1.962715,1.962635,1.962554,1.963853,1.964887,1.964109,1.968063,1.969804,1.972741,1.973362,1.977828,1.983582,1.981104,1.981814,1.98484,1.981602,1.981504,1.980974,1.981826,1.979661,1.982119,1.981717,1.976644,1.976436,1.976565,1.978849,1.982219,1.987329,1.9898,1.993288,1.992075,1.99331,1.993857,1.997656,1.997141,2.004725,2.003828,2.005733,2.005657,2.006664,2.005661,2.004959,2.006925,2.006592,2.00893,2.009732,2.007232,2.003738,2.002571,2.001852,2.005914,2.006559,2.004617,2.007006,2.003536,2.000519,2.000258,1.999517,1.998838,1.997358,1.998856,2.001255,2.001979,1.99911,1.998065,1.998544,2.001307,2.000298,2.000087,2.000912,2.000655,1.999472,1.998816,1.998986,1.999476,1.995619,1.994269,1.994942,1.996194,1.998168,1.998358,1.995366,1.990471,1.988498,1.989329,1.990016,1.991046,1.988992,1.987861,1.985426,1.985656,1.988568,1.989883,1.991339,1.989123,1.988403,1.986673,1.983595,1.982255,1.983734,1.985334,1.983979,1.984369,1.985793,1.984852,1.983447,1.98362,1.984648,1.984724,1.98627,1.9883,1.991241,1.993221,1.993618,1.994698,1.994634,1.997415,1.998601,1.996691,1.996019,1.995438,1.995581,1.99461,1.993079,1.992263,1.993529,1.994356,1.996142,1.994424,1.996545,1.997091,1.9935,1.993189,1.990222,1.988283,1.988505,1.987977,1.986892,1.98679,1.987485,1.989232,1.990748,1.990386,1.991444,1.990635,1.993015,1.994381,1.994778,1.995977,1.996633,1.998561,1.9983,1.997586,1.996975,1.996954,1.997202,1.997076,1.99724,1.997452,1.99629,1.995474,1.994044,1.994856,1.9945,1.994077,1.992076,1.991598,1.989095,1.987625,1.987131,1.988938,1.987962,1.987878,1.986377,1.987105,1.98769,1.988206,1.988469,1.987442,1.983792,1.982864,1.98307,1.985584,1.986483,1.986502,1.988098,1.987456,1.987549,1.987727,1.988989,1.989003,1.989583,1.989346,1.986948,1.986838,1.986392,1.987254,1.98616,1.985264,1.985544,1.985031,1.985313,1.985508,1.98544,1.986268,1.985259,1.984808,1.98353,1.983234,1.982427,1.981218,1.982171,1.982454,1.983184,1.986362,1.988653,1.988344,1.989167,1.989625,1.991378,1.99253,1.992896,1.994629,1.995374,1.995524,1.9957,1.995543,1.996342,1.996238,1.996085,1.99663,1.998437,1.996587,1.996661,1.996816,1.99705,1.99752,1.998662,1.998163,1.997874,1.997408,1.995396,1.994729,1.995526,1.99709,1.996248,1.996331,1.995103,1.995245,1.996237,1.994845,1.992831,1.991912,1.991775,1.991103,1.990246,1.989954,1.989774,1.989191,1.988679,1.987417,1.987862,1.988046,1.98797,1.989764,1.991134,1.991071,1.99118,1.993217,1.994578,1.995342,1.995177,1.99569,1.996743,1.997786,1.999034,1.997903,1.996884,1.997042,1.997313,1.997742,1.999539,2.000398,2.000661,2.001001,2.001425,2.003494,2.003961,2.004019,2.005069,2.004709,2.002734,2.002188,2.00051,1.999647,1.998904,1.998358,1.996763,1.997662,1.998031,1.998049,1.998825,1.99817,1.998591,1.997697,1.998989,1.998406,1.998992,1.999456,1.999192,1.999227,1.998683,1.998251,1.9978,1.996734,1.995667,1.997194,1.997769,1.997355,1.997184,1.996028,1.995556,1.993724,1.994204,1.993433,1.992891,1.993507,1.992958,1.991701,1.991597,1.991883,1.992334,1.991816,1.99155,1.992577,1.992238,1.992372,1.992871,1.99591,1.996206,1.997385,1.997717,1.998685,2.000626,2.000733,2.001811,2.002614,2.003958,2.004344,2.006323,2.00726,2.008216,2.007662,2.006937,2.006326,2.005113,2.005155,2.006094,2.007421,2.007665,2.008198,2.006977,2.00891,2.009439,2.011097,2.012456,2.013553,2.015296,2.018335,2.019842,2.021435,2.022154,2.02159,2.021066,2.022134,2.021922,2.019528,2.02132,2.022012,2.021092,2.021614,2.023271,2.023996,2.025763,2.02492,2.024334,2.022739,2.023448,2.022298,2.020791,2.019564,2.017715,2.016734,2.015673,2.0159,2.014873,2.014295,2.013102,2.013434,2.012089,2.012005,2.013152,2.014248,2.012593,2.012372,2.012107,2.011522,2.01178,2.011441,2.010807,2.010364,2.010857,2.01231,2.014836,2.01585,2.016984,2.015646,2.014367,2.013811,2.013663,2.013474,2.012826,2.012995,2.013091,2.013254,2.011242,2.011718,2.011643,2.009909,2.008255,2.007688,2.006873,2.005624,2.007098,2.009044,2.010977,2.010917,2.013753,2.013334,2.013899,2.013024,2.012635,2.011055,2.011271,2.009445,2.010941,2.010013,2.013205,2.015043,2.014882,2.013121,2.01176,2.011006,2.009507,2.008001,2.007442,2.007006,2.007099,2.006045,2.006535,2.006089,2.005767,2.005069,2.001708,2.000329,1.998964,2.001546,2.001358,2.00277,2.004112,2.004338,2.006116,2.006731,2.007746,2.008871,2.008024,2.009188,2.009709,2.009782,2.010707,2.010149,2.011193,2.012833,2.014408,2.014599,2.014328,2.013083,2.011926,2.010639,2.010888,2.010072,2.010112,2.010253,2.007801,2.006315,2.00869,2.011
