,0,1,2,3,4,5,6,7,8,9,10,11,12,13,14,15,16,17,18,19,20,21,22,23,24,25,26,27,28,29,30,31,32,33,34,35,36,37,38,39,40,41,42,43,44,45,46,47,48,49,50,51,52,53,54,55,56,57,58,59,60,61,62,63,64,65,66,67,68,69,70,71,72,73,74,75,76,77,78,79,80,81,82,83,84,85,86,87,88,89,90,91,92,93,94,95,96,97,98,99,100,101,102,103,104,105,106,107,108,109,110,111,112,113,114,115,116,117,118,119,120,121,122,123,124,125,126,127,128,129,130,131,132,133,134,135,136,137,138,139,140,141,142,143,144,145,146,147,148,149,150,151,152,153,154,155,156,157,158,159,160,161,162,163,164,165,166,167,168,169,170,171,172,173,174,175,176,177,178,179,180,181,182,183,184,185,186,187,188,189,190,191,192,193,194,195,196,197,198,199,200,201,202,203,204,205,206,207,208,209,210,211,212,213,214,215,216,217,218,219,220,221,222,223,224,225,226,227,228,229,230,231,232,233,234,235,236,237,238,239,240,241,242,243,244,245,246,247,248,249,250,251,252,253,254,255,256,257,258,259,260,261,262,263,264,265,266,267,268,269,270,271,272,273,274,275,276,277,278,279,280,281,282,283,284,285,286,287,288,289,290,291,292,293,294,295,296,297,298,299,300,301,302,303,304,305,306,307,308,309,310,311,312,313,314,315,316,317,318,319,320,321,322,323,324,325,326,327,328,329,330,331,332,333,334,335,336,337,338,339,340,341,342,343,344,345,346,347,348,349,350,351,352,353,354,355,356,357,358,359,360,361,362,363,364,365,366,367,368,369,370,371,372,373,374,375,376,377,378,379,380,381,382,383,384,385,386,387,388,389,390,391,392,393,394,395,396,397,398,399,400,401,402,403,404,405,406,407,408,409,410,411,412,413,414,415,416,417,418,419,420,421,422,423,424,425,426,427,428,429,430,431,432,433,434,435,436,437,438,439,440,441,442,443,444,445,446,447,448,449,450,451,452,453,454,455,456,457,458,459,460,461,462,463,464,465,466,467,468,469,470,471,472,473,474,475,476,477,478,479,480,481,482,483,484,485,486,487,488,489,490,491,492,493,494,495,496,497,498,499,500,501,502,503,504,505,506,507,508,509,510,511,512,513,514,515,516,517,518,519,520,521,522,523,524,525,526,527,528,529,530,531,532,533,534,535,536,537,538,539,540,541,542,543,544,545,546,547,548,549,550,551,552,553,554,555,556,557,558,559,560,561,562,563,564,565,566,567,568,569,570,571,572,573,574,575,576,577,578,579,580,581,582,583,584,585,586,587,588,589,590,591,592,593,594,595,596,597,598,599,600
Time,0.0,1.0,2.0,3.0,4.0,5.0,6.0,7.0,8.0,9.0,10.0,11.0,12.0,13.0,14.0,15.0,16.0,17.0,18.0,19.0,20.0,21.0,22.0,23.0,24.0,25.0,26.0,27.0,28.0,29.0,30.0,31.0,32.0,33.0,34.0,35.0,36.0,37.0,38.0,39.0,40.0,41.0,42.0,43.0,44.0,45.0,46.0,47.0,48.0,49.0,50.0,51.0,52.0,53.0,54.0,55.0,56.0,57.0,58.0,59.0,60.0,61.0,62.0,63.0,64.0,65.0,66.0,67.0,68.0,69.0,70.0,71.0,72.0,73.0,74.0,75.0,76.0,77.0,78.0,79.0,80.0,81.0,82.0,83.0,84.0,85.0,86.0,87.0,88.0,89.0,90.0,91.0,92.0,93.0,94.0,95.0,96.0,97.0,98.0,99.0,100.0,101.0,102.0,103.0,104.0,105.0,106.0,107.0,108.0,109.0,110.0,111.0,112.0,113.0,114.0,115.0,116.0,117.0,118.0,119.0,120.0,121.0,122.0,123.0,124.0,125.0,126.0,127.0,128.0,129.0,130.0,131.0,132.0,133.0,134.0,135.0,136.0,137.0,138.0,139.0,140.0,141.0,142.0,143.0,144.0,145.0,146.0,147.0,148.0,149.0,150.0,151.0,152.0,153.0,154.0,155.0,156.0,157.0,158.0,159.0,160.0,161.0,162.0,163.0,164.0,165.0,166.0,167.0,168.0,169.0,170.0,171.0,172.0,173.0,174.0,175.0,176.0,177.0,178.0,179.0,180.0,181.0,182.0,183.0,184.0,185.0,186.0,187.0,188.0,189.0,190.0,191.0,192.0,193.0,194.0,195.0,196.0,197.0,198.0,199.0,200.0,201.0,202.0,203.0,204.0,205.0,206.0,207.0,208.0,209.0,210.0,211.0,212.0,213.0,214.0,215.0,216.0,217.0,218.0,219.0,220.0,221.0,222.0,223.0,224.0,225.0,226.0,227.0,228.0,229.0,230.0,231.0,232.0,233.0,234.0,235.0,236.0,237.0,238.0,239.0,240.0,241.0,242.0,243.0,244.0,245.0,246.0,247.0,248.0,249.0,250.0,251.0,252.0,253.0,254.0,255.0,256.0,257.0,258.0,259.0,260.0,261.0,262.0,263.0,264.0,265.0,266.0,267.0,268.0,269.0,270.0,271.0,272.0,273.0,274.0,275.0,276.0,277.0,278.0,279.0,280.0,281.0,282.0,283.0,284.0,285.0,286.0,287.0,288.0,289.0,290.0,291.0,292.0,293.0,294.0,295.0,296.0,297.0,298.0,299.0,300.0,301.0,302.0,303.0,304.0,305.0,306.0,307.0,308.0,309.0,310.0,311.0,312.0,313.0,314.0,315.0,316.0,317.0,318.0,319.0,320.0,321.0,322.0,323.0,324.0,325.0,326.0,327.0,328.0,329.0,330.0,331.0,332.0,333.0,334.0,335.0,336.0,337.0,338.0,339.0,340.0,341.0,342.0,343.0,344.0,345.0,346.0,347.0,348.0,349.0,350.0,351.0,352.0,353.0,354.0,355.0,356.0,357.0,358.0,359.0,360.0,361.0,362.0,363.0,364.0,365.0,366.0,367.0,368.0,369.0,370.0,371.0,372.0,373.0,374.0,375.0,376.0,377.0,378.0,379.0,380.0,381.0,382.0,383.0,384.0,385.0,386.0,387.0,388.0,389.0,390.0,391.0,392.0,393.0,394.0,395.0,396.0,397.0,398.0,399.0,400.0,401.0,402.0,403.0,404.0,405.0,406.0,407.0,408.0,409.0,410.0,411.0,412.0,413.0,414.0,415.0,416.0,417.0,418.0,419.0,420.0,421.0,422.0,423.0,424.0,425.0,426.0,427.0,428.0,429.0,430.0,431.0,432.0,433.0,434.0,435.0,436.0,437.0,438.0,439.0,440.0,441.0,442.0,443.0,444.0,445.0,446.0,447.0,448.0,449.0,450.0,451.0,452.0,453.0,454.0,455.0,456.0,457.0,458.0,459.0,460.0,461.0,462.0,463.0,464.0,465.0,466.0,467.0,468.0,469.0,470.0,471.0,472.0,473.0,474.0,475.0,476.0,477.0,478.0,479.0,480.0,481.0,482.0,483.0,484.0,485.0,486.0,487.0,488.0,489.0,490.0,491.0,492.0,493.0,494.0,495.0,496.0,497.0,498.0,499.0,500.0,501.0,502.0,503.0,504.0,505.0,506.0,507.0,508.0,509.0,510.0,511.0,512.0,513.0,514.0,515.0,516.0,517.0,518.0,519.0,520.0,521.0,522.0,523.0,524.0,525.0,526.0,527.0,528.0,529.0,530.0,531.0,532.0,533.0,534.0,535.0,536.0,537.0,538.0,539.0,540.0,541.0,542.0,543.0,544.0,545.0,546.0,547.0,548.0,549.0,550.0,551.0,552.0,553.0,554.0,555.0,556.0,557.0,558.0,559.0,560.0,561.0,562.0,563.0,564.0,565.0,566.0,567.0,568.0,569.0,570.0,571.0,572.0,573.0,574.0,575.0,576.0,577.0,578.0,579.0,580.0,581.0,582.0,583.0,584.0,585.0,586.0,587.0,588.0,589.0,590.0,591.0,592.0,593.0,594.0,595.0,596.0,597.0,598.0,599.0,600.0
Ncross_mean,0.0,1.0,0.0,1.0,0.0,1.0,0.0,2.0,1.0,4.0,1.0,0.0,3.0,2.0,3.0,2.0,2.0,5.0,2.0,1.0,3.0,1.0,3.0,1.0,3.0,3.0,3.0,3.0,7.0,4.0,4.0,5.0,5.0,5.0,1.0,4.0,2.0,2.0,5.0,1.0,0.0,4.0,8.0,4.0,5.0,4.0,2.0,7.0,5.0,3.0,7.0,7.0,4.0,7.0,7.0,6.0,2.0,3.0,6.0,4.0,4.0,3.0,4.0,3.0,6.0,7.0,5.0,6.0,6.0,6.0,6.0,5.0,7.0,3.0,5.0,3.0,6.0,5.0,7.0,5.0,4.0,7.0,5.0,13.0,3.0,10.0,9.0,10.0,11.0,4.0,10.0,13.0,11.0,6.0,12.0,8.0,8.0,9.0,7.0,6.0,6.0,8.0,7.0,9.0,7.0,12.0,7.0,7.0,13.0,12.0,12.0,10.0,14.0,8.0,11.0,4.0,11.0,7.0,7.0,9.0,18.0,19.0,5.0,9.0,8.0,14.0,9.0,11.0,9.0,9.0,10.0,6.0,6.0,15.0,11.0,8.0,14.0,17.0,9.0,15.0,14.0,17.0,7.0,9.0,13.0,13.0,6.0,14.0,10.0,8.0,19.0,13.0,14.0,14.0,13.0,10.0,13.0,14.0,13.0,20.0,7.0,20.0,9.0,17.0,16.0,12.0,8.0,16.0,19.0,16.0,8.0,9.0,14.0,13.0,14.0,11.0,18.0,12.0,19.0,9.0,10.0,25.0,12.0,16.0,7.0,13.0,21.0,16.0,14.0,14.0,18.0,13.0,13.0,11.0,19.0,14.0,14.0,26.0,9.0,9.0,19.0,22.0,21.0,17.0,17.0,17.0,16.0,20.0,15.0,18.0,21.0,19.0,17.0,14.0,20.0,18.0,11.0,12.0,23.0,14.0,19.0,9.0,25.0,15.0,24.0,19.0,19.0,15.0,16.0,19.0,25.0,21.0,16.0,22.0,29.0,26.0,16.0,20.0,23.0,13.0,17.0,20.0,14.0,17.0,15.0,19.0,25.0,11.0,20.0,20.0,24.0,32.0,20.0,27.0,19.0,28.0,22.0,24.0,24.0,13.0,16.0,22.0,19.0,31.0,26.0,23.0,19.0,15.0,18.0,24.0,27.0,26.0,24.0,25.0,15.0,26.0,27.0,26.0,21.0,26.0,29.0,34.0,21.0,22.0,24.0,21.0,19.0,30.0,36.0,25.0,25.0,30.0,38.0,29.0,15.0,28.0,31.0,21.0,27.0,23.0,26.0,18.0,23.0,25.0,30.0,34.0,40.0,26.0,21.0,28.0,25.0,31.0,29.0,42.0,30.0,27.0,28.0,30.0,37.0,31.0,39.0,23.0,27.0,27.0,35.0,29.0,28.0,24.0,28.0,32.0,41.0,26.0,28.0,33.0,30.0,28.0,40.0,25.0,27.0,42.0,32.0,26.0,31.0,26.0,34.0,22.0,21.0,32.0,36.0,24.0,30.0,27.0,29.0,29.0,25.0,26.0,34.0,29.0,21.0,28.0,20.0,31.0,28.0,35.0,26.0,25.0,30.0,33.0,27.0,24.0,29.0,36.0,42.0,32.0,33.0,24.0,27.0,29.0,29.0,34.0,28.0,36.0,25.0,33.0,33.0,31.0,32.0,31.0,43.0,30.0,40.0,33.0,33.0,34.0,24.0,32.0,29.0,32.0,27.0,42.0,34.0,37.0,30.0,44.0,24.0,33.0,28.0,27.0,31.0,30.0,29.0,27.0,24.0,31.0,32.0,32.0,31.0,32.0,32.0,33.0,34.0,29.0,37.0,37.0,36.0,37.0,32.0,30.0,28.0,36.0,31.0,34.0,38.0,33.0,41.0,39.0,35.0,35.0,37.0,52.0,39.0,29.0,41.0,39.0,44.0,39.0,33.0,52.0,35.0,41.0,48.0,26.0,41.0,33.0,45.0,27.0,45.0,37.0,37.0,53.0,35.0,33.0,33.0,37.0,37.0,46.0,36.0,37.0,31.0,27.0,46.0,34.0,36.0,39.0,38.0,40.0,44.0,52.0,40.0,41.0,35.0,34.0,40.0,50.0,39.0,34.0,37.0,46.0,46.0,41.0,31.0,55.0,43.0,47.0,44.0,33.0,40.0,39.0,47.0,32.0,34.0,56.0,37.0,41.0,45.0,49.0,43.0,45.0,45.0,42.0,36.0,49.0,53.0,40.0,53.0,46.0,43.0,48.0,42.0,47.0,41.0,48.0,42.0,30.0,43.0,35.0,37.0,53.0,40.0,47.0,30.0,39.0,40.0,45.0,50.0,50.0,39.0,59.0,49.0,47.0,52.0,39.0,49.0,44.0,44.0,40.0,40.0,39.0,54.0,58.0,48.0,55.0,53.0,53.0,37.0,37.0,52.0,37.0,47.0,44.0,43.0,58.0,59.0,57.0,56.0,52.0,47.0,38.0,47.0,57.0,45.0,66.0,57.0,47.0,47.0,52.0,50.0,55.0,31.0,50.0,45.0,47.0,49.0,50.0,46.0,57.0,54.0,53.0,49.0,48.0,44.0,59.0,63.0,59.0,46.0,62.0,53.0,53.0,66.0,71.0,66.0
Ncross_std,0.0,0.0,0.0,0.0,0.0,0.0,0.0,0.0,0.0,0.0,0.0,0.0,0.0,0.0,0.0,0.0,0.0,0.0,0.0,0.0,0.0,0.0,0.0,0.0,0.0,0.0,0.0,0.0,0.0,0.0,0.0,0.0,0.0,0.0,0.0,0.0,0.0,0.0,0.0,0.0,0.0,0.0,0.0,0.0,0.0,0.0,0.0,0.0,0.0,0.0,0.0,0.0,0.0,0.0,0.0,0.0,0.0,0.0,0.0,0.0,0.0,0.0,0.0,0.0,0.0,0.0,0.0,0.0,0.0,0.0,0.0,0.0,0.0,0.0,0.0,0.0,0.0,0.0,0.0,0.0,0.0,0.0,0.0,0.0,0.0,0.0,0.0,0.0,0.0,0.0,0.0,0.0,0.0,0.0,0.0,0.0,0.0,0.0,0.0,0.0,0.0,0.0,0.0,0.0,0.0,0.0,0.0,0.0,0.0,0.0,0.0,0.0,0.0,0.0,0.0,0.0,0.0,0.0,0.0,0.0,0.0,0.0,0.0,0.0,0.0,0.0,0.0,0.0,0.0,0.0,0.0,0.0,0.0,0.0,0.0,0.0,0.0,0.0,0.0,0.0,0.0,0.0,0.0,0.0,0.0,0.0,0.0,0.0,0.0,0.0,0.0,0.0,0.0,0.0,0.0,0.0,0.0,0.0,0.0,0.0,0.0,0.0,0.0,0.0,0.0,0.0,0.0,0.0,0.0,0.0,0.0,0.0,0.0,0.0,0.0,0.0,0.0,0.0,0.0,0.0,0.0,0.0,0.0,0.0,0.0,0.0,0.0,0.0,0.0,0.0,0.0,0.0,0.0,0.0,0.0,0.0,0.0,0.0,0.0,0.0,0.0,0.0,0.0,0.0,0.0,0.0,0.0,0.0,0.0,0.0,0.0,0.0,0.0,0.0,0.0,0.0,0.0,0.0,0.0,0.0,0.0,0.0,0.0,0.0,0.0,0.0,0.0,0.0,0.0,0.0,0.0,0.0,0.0,0.0,0.0,0.0,0.0,0.0,0.0,0.0,0.0,0.0,0.0,0.0,0.0,0.0,0.0,0.0,0.0,0.0,0.0,0.0,0.0,0.0,0.0,0.0,0.0,0.0,0.0,0.0,0.0,0.0,0.0,0.0,0.0,0.0,0.0,0.0,0.0,0.0,0.0,0.0,0.0,0.0,0.0,0.0,0.0,0.0,0.0,0.0,0.0,0.0,0.0,0.0,0.0,0.0,0.0,0.0,0.0,0.0,0.0,0.0,0.0,0.0,0.0,0.0,0.0,0.0,0.0,0.0,0.0,0.0,0.0,0.0,0.0,0.0,0.0,0.0,0.0,0.0,0.0,0.0,0.0,0.0,0.0,0.0,0.0,0.0,0.0,0.0,0.0,0.0,0.0,0.0,0.0,0.0,0.0,0.0,0.0,0.0,0.0,0.0,0.0,0.0,0.0,0.0,0.0,0.0,0.0,0.0,0.0,0.0,0.0,0.0,0.0,0.0,0.0,0.0,0.0,0.0,0.0,0.0,0.0,0.0,0.0,0.0,0.0,0.0,0.0,0.0,0.0,0.0,0.0,0.0,0.0,0.0,0.0,0.0,0.0,0.0,0.0,0.0,0.0,0.0,0.0,0.0,0.0,0.0,0.0,0.0,0.0,0.0,0.0,0.0,0.0,0.0,0.0,0.0,0.0,0.0,0.0,0.0,0.0,0.0,0.0,0.0,0.0,0.0,0.0,0.0,0.0,0.0,0.0,0.0,0.0,0.0,0.0,0.0,0.0,0.0,0.0,0.0,0.0,0.0,0.0,0.0,0.0,0.0,0.0,0.0,0.0,0.0,0.0,0.0,0.0,0.0,0.0,0.0,0.0,0.0,0.0,0.0,0.0,0.0,0.0,0.0,0.0,0.0,0.0,0.0,0.0,0.0,0.0,0.0,0.0,0.0,0.0,0.0,0.0,0.0,0.0,0.0,0.0,0.0,0.0,0.0,0.0,0.0,0.0,0.0,0.0,0.0,0.0,0.0,0.0,0.0,0.0,0.0,0.0,0.0,0.0,0.0,0.0,0.0,0.0,0.0,0.0,0.0,0.0,0.0,0.0,0.0,0.0,0.0,0.0,0.0,0.0,0.0,0.0,0.0,0.0,0.0,0.0,0.0,0.0,0.0,0.0,0.0,0.0,0.0,0.0,0.0,0.0,0.0,0.0,0.0,0.0,0.0,0.0,0.0,0.0,0.0,0.0,0.0,0.0,0.0,0.0,0.0,0.0,0.0,0.0,0.0,0.0,0.0,0.0,0.0,0.0,0.0,0.0,0.0,0.0,0.0,0.0,0.0,0.0,0.0,0.0,0.0,0.0,0.0,0.0,0.0,0.0,0.0,0.0,0.0,0.0,0.0,0.0,0.0,0.0,0.0,0.0,0.0,0.0,0.0,0.0,0.0,0.0,0.0,0.0,0.0,0.0,0.0,0.0,0.0,0.0,0.0,0.0,0.0,0.0,0.0,0.0,0.0,0.0,0.0,0.0,0.0,0.0,0.0,0.0,0.0,0.0,0.0,0.0,0.0,0.0,0.0,0.0,0.0,0.0,0.0,0.0,0.0,0.0,0.0,0.0,0.0,0.0,0.0,0.0
Valency_mean,0.0,1.0,,1.0,,1.0,,1.0,1.0,1.0,1.0,,1.0,1.0,1.0,1.0,1.0,1.0,1.0,2.0,1.0,1.0,1.0,1.0,1.0,1.3333333333333333,1.0,1.0,1.0,1.0,1.0,1.0,1.0,1.0,1.0,1.0,1.0,1.0,1.0,1.0,,1.25,1.0,1.0,1.4,1.0,1.0,1.0,1.0,1.0,1.2857142857142858,1.0,1.0,1.1428571428571428,1.0,1.1666666666666667,1.0,1.3333333333333333,1.0,1.0,1.0,1.3333333333333333,1.0,1.0,1.0,1.0,1.0,1.0,1.0,1.0,1.0,1.0,1.0,1.0,1.0,1.0,1.0,1.0,1.1428571428571428,1.0,1.0,1.2857142857142858,1.0,1.0769230769230769,1.0,1.1,1.1111111111111112,1.0,1.0,1.0,1.0,1.0,1.0,1.0,1.0,1.125,1.0,1.0,1.0,1.0,1.0,1.0,1.0,1.0,1.0,1.0,1.0,1.0,1.0,1.0833333333333333,1.0,1.0,1.0,1.25,1.0,1.0,1.0,1.0,1.0,1.0,1.1666666666666667,1.0,1.0,1.0,1.0,1.0,1.0,1.0,1.0,1.0,1.0,1.0,1.0,1.0666666666666667,1.0,1.0,1.0714285714285714,1.0,1.0,1.1333333333333333,1.0714285714285714,1.0588235294117647,1.0,1.0,1.0,1.0,1.1666666666666667,1.0714285714285714,1.0,1.25,1.0,1.0769230769230769,1.0714285714285714,1.0714285714285714,1.1538461538461537,1.1,1.0,1.1428571428571428,1.0,1.0,1.1428571428571428,1.15,1.0,1.0,1.0625,1.0,1.0,1.0625,1.0,1.0625,1.0,1.0,1.0,1.2307692307692308,1.0714285714285714,1.0909090909090908,1.0555555555555556,1.0833333333333333,1.0,1.1111111111111112,1.0,1.12,1.1666666666666667,1.0625,1.0,1.0,1.0,1.0625,1.0,1.0,1.0,1.0,1.1538461538461537,1.0,1.0,1.0,1.0,1.0,1.0,1.1111111111111112,1.0526315789473684,1.0,1.0952380952380953,1.0588235294117647,1.0588235294117647,1.1764705882352942,1.0,1.05,1.0666666666666667,1.0555555555555556,1.0476190476190477,1.0526315789473684,1.1176470588235294,1.0,1.0,1.0,1.0,1.0,1.0434782608695652,1.0714285714285714,1.0,1.0,1.0,1.0666666666666667,1.0416666666666667,1.0526315789473684,1.105263157894737,1.0,1.0,1.0,1.0,1.0,1.0,1.0454545454545454,1.0,1.0384615384615385,1.0,1.05,1.0,1.0769230769230769,1.0588235294117647,1.0,1.0,1.0,1.0666666666666667,1.0,1.04,1.0909090909090908,1.0,1.05,1.125,1.03125,1.0,1.0,1.0526315789473684,1.0714285714285714,1.0454545454545454,1.0,1.125,1.1538461538461537,1.0625,1.0,1.105263157894737,1.064516129032258,1.1538461538461537,1.0869565217391304,1.0,1.0,1.1111111111111112,1.0,1.1111111111111112,1.1923076923076923,1.0833333333333333,1.04,1.0666666666666667,1.1538461538461537,1.037037037037037,1.0384615384615385,1.0,1.0384615384615385,1.1379310344827587,1.1764705882352942,1.0,1.0909090909090908,1.0833333333333333,1.0476190476190477,1.1578947368421053,1.0666666666666667,1.0,1.04,1.04,1.1333333333333333,1.0789473684210527,1.0344827586206897,1.1333333333333333,1.0357142857142858,1.064516129032258,1.0952380952380953,1.0740740740740742,1.0,1.1153846153846154,1.1111111111111112,1.0434782608695652,1.08,1.1,1.0,1.1,1.1153846153846154,1.1904761904761905,1.2142857142857142,1.08,1.1290322580645162,1.1379310344827587,1.0238095238095237,1.1333333333333333,1.1481481481481481,1.0714285714285714,1.1,1.0810810810810811,1.032258064516129,1.0256410256410255,1.0434782608695652,1.0,1.0740740740740742,1.0571428571428572,1.103448275862069,1.0357142857142858,1.0833333333333333,1.1071428571428572,1.0,1.0975609756097562,1.2307692307692308,1.25,1.0303030303030303,1.0333333333333334,1.1428571428571428,1.025,1.04,1.1851851851851851,1.0714285714285714,1.125,1.0769230769230769,1.0,1.0,1.088235294117647,1.0909090909090908,1.0476190476190477,1.0,1.0,1.0416666666666667,1.0333333333333334,1.0,1.0689655172413792,1.0689655172413792,1.12,1.1153846153846154,1.0,1.0689655172413792,1.0952380952380953,1.0,1.1,1.064516129032258,1.1071428571428572,1.1142857142857143,1.0384615384615385,1.12,1.1333333333333333,1.0303030303030303,1.037037037037037,1.0833333333333333,1.0344827586206897,1.0555555555555556,1.0476190476190477,1.03125,1.0909090909090908,1.0416666666666667,1.0,1.0,1.103448275862069,1.0294117647058822,1.0357142857142858,1.0277777777777777,1.04,1.0303030303030303,1.0,1.032258064516129,1.0625,1.064516129032258,1.0232558139534884,1.1,1.075,1.0303030303030303,1.0303030303030303,1.0588235294117647,1.0416666666666667,1.15625,1.0689655172413792,1.125,1.0740740740740742,1.119047619047619,1.0294117647058822,1.0810810810810811,1.1,1.0909090909090908,1.0416666666666667,1.1818181818181819,1.0357142857142858,1.0740740740740742,1.096774193548387,1.0333333333333334,1.0344827586206897,1.0740740740740742,1.125,1.1290322580645162,1.0625,1.03125,1.032258064516129,1.09375,1.0625,1.0,1.0294117647058822,1.0344827586206897,1.0,1.0810810810810811,1.1388888888888888,1.027027027027027,1.09375,1.0666666666666667,1.0357142857142858,1.0,1.032258064516129,1.0588235294117647,1.105263157894737,1.121212121212121,1.0731707317073171,1.1025641025641026,1.0857142857142856,1.0285714285714285,1.027027027027027,1.0384615384615385,1.0256410256410255,1.0,1.0,1.0769230769230769,1.0909090909090908,1.0256410256410255,1.0303030303030303,1.0384615384615385,1.0,1.048780487804878,1.0625,1.0,1.048780487804878,1.0606060606060606,1.0444444444444445,1.0740740740740742,1.1333333333333333,1.0810810810810811,1.027027027027027,1.0566037735849056,1.0571428571428572,1.0303030303030303,1.0303030303030303,1.0810810810810811,1.054054054054054,1.0,1.0277777777777777,1.027027027027027,1.1290322580645162,1.1481481481481481,1.0434782608695652,1.0294117647058822,1.0833333333333333,1.0512820512820513,1.0263157894736843,1.025,1.1363636363636365,1.0961538461538463,1.075,1.048780487804878,1.1142857142857143,1.0,1.1,1.04,1.1538461538461537,1.0,1.054054054054054,1.108695652173913,1.0869565217391304,1.0731707317073171,1.096774193548387,1.1272727272727272,1.0,1.1063829787234043,1.0909090909090908,1.121212121212121,1.075,1.0769230769230769,1.0638297872340425,1.0625,1.0588235294117647,1.0357142857142858,1.0810810810810811,1.048780487804878,1.1333333333333333,1.0816326530612246,1.069767441860465,1.0222222222222221,1.1333333333333333,1.0714285714285714,1.1111111111111112,1.0408163265306123,1.0566037735849056,1.075,1.0943396226415094,1.0869565217391304,1.0465116279069768,1.125,1.119047619047619,1.1063829787234043,1.1219512195121952,1.0416666666666667,1.119047619047619,1.1333333333333333,1.1395348837209303,1.0857142857142856,1.054054054054054,1.0377358490566038,1.125,1.148936170212766,1.0,1.1282051282051282,1.075,1.1777777777777778,1.18,1.1,1.0512820512820513,1.0847457627118644,1.0204081632653061,1.1914893617021276,1.0384615384615385,1.1025641025641026,1.0816326530612246,1.0227272727272727,1.2045454545454546,1.075,1.025,1.1282051282051282,1.0925925925925926,1.0862068965517242,1.0833333333333333,1.1454545454545455,1.150943396226415,1.150943396226415,1.1891891891891893,1.1891891891891893,1.1153846153846154,1.0,1.0851063829787233,1.2045454545454546,1.0465116279069768,1.0689655172413792,1.11864406779661,1.1403508771929824,1.0892857142857142,1.1538461538461537,1.148936170212766,1.1842105263157894,1.0851063829787233,1.105263157894737,1.1333333333333333,1.0757575757575757,1.1929824561403508,1.0638297872340425,1.148936170212766,1.1538461538461537,1.1,1.1090909090909091,1.2903225806451613,1.16,1.0222222222222221,1.0638297872340425,1.183673469387755,1.12,1.1521739130434783,1.105263157894737,1.1666666666666667,1.0566037735849056,1.1428571428571428,1.1458333333333333,1.1363636363636365,1.2203389830508475,1.0476190476190477,1.0677966101694916,1.108695652173913,1.1612903225806452,1.0754716981132075,1.150943396226415,1.196969696969697,1.1549295774647887,1.2727272727272727
Valency_std,0.0,0.0,,0.0,,0.0,,0.0,0.0,0.0,0.0,,0.0,0.0,0.0,0.0,0.0,0.0,0.0,0.0,0.0,0.0,0.0,0.0,0.0,0.4714045207910317,0.0,0.0,0.0,0.0,0.0,0.0,0.0,0.0,0.0,0.0,0.0,0.0,0.0,0.0,,0.4330127018922193,0.0,0.0,0.4898979485566356,0.0,0.0,0.0,0.0,0.0,0.45175395145262565,0.0,0.0,0.34992710611188266,0.0,0.3726779962499649,0.0,0.4714045207910317,0.0,0.0,0.0,0.4714045207910317,0.0,0.0,0.0,0.0,0.0,0.0,0.0,0.0,0.0,0.0,0.0,0.0,0.0,0.0,0.0,0.0,0.3499271061118826,0.0,0.0,0.45175395145262565,0.0,0.26646935501059654,0.0,0.3,0.3142696805273545,0.0,0.0,0.0,0.0,0.0,0.0,0.0,0.0,0.33071891388307384,0.0,0.0,0.0,0.0,0.0,0.0,0.0,0.0,0.0,0.0,0.0,0.0,0.0,0.2763853991962833,0.0,0.0,0.0,0.4330127018922193,0.0,0.0,0.0,0.0,0.0,0.0,0.3726779962499649,0.0,0.0,0.0,0.0,0.0,0.0,0.0,0.0,0.0,0.0,0.0,0.0,0.24944382578492943,0.0,0.0,0.25753937681885636,0.0,0.0,0.3399346342395189,0.25753937681885636,0.23529411764705885,0.0,0.0,0.0,0.0,0.3726779962499649,0.25753937681885636,0.0,0.4330127018922193,0.0,0.26646935501059654,0.25753937681885636,0.25753937681885636,0.36080121229411,0.3,0.0,0.3499271061118826,0.0,0.0,0.3499271061118826,0.3570714214271425,0.0,0.0,0.24206145913796356,0.0,0.0,0.24206145913796356,0.0,0.24206145913796356,0.0,0.0,0.0,0.4213250442347432,0.25753937681885636,0.28747978728803447,0.2290614236454256,0.2763853991962833,0.0,0.3142696805273545,0.0,0.32496153618543844,0.37267799624996495,0.24206145913796356,0.0,0.0,0.0,0.24206145913796356,0.0,0.0,0.0,0.0,0.36080121229411,0.0,0.0,0.0,0.0,0.0,0.0,0.3142696805273545,0.22329687826943603,0.0,0.29354352395090366,0.23529411764705885,0.23529411764705885,0.3812200410828153,0.0,0.2179449471770337,0.24944382578492943,0.2290614236454256,0.21295885499998,0.22329687826943603,0.4705882352941177,0.0,0.0,0.0,0.0,0.0,0.20393111999232305,0.25753937681885636,0.0,0.0,0.0,0.24944382578492946,0.19982631347136331,0.22329687826943603,0.3068922049918579,0.0,0.0,0.0,0.0,0.0,0.0,0.20829889522526548,0.0,0.19230769230769226,0.0,0.21794494717703372,0.0,0.2664693550105965,0.23529411764705885,0.0,0.0,0.0,0.24944382578492946,0.0,0.19595917942265428,0.28747978728803447,0.0,0.21794494717703372,0.33071891388307384,0.17399263633843817,0.0,0.0,0.22329687826943603,0.25753937681885636,0.20829889522526548,0.0,0.33071891388307384,0.36080121229410994,0.24206145913796356,0.0,0.30689220499185793,0.2456701001891583,0.455083060238432,0.2817713347133853,0.0,0.0,0.3142696805273545,0.0,0.3142696805273545,0.6213651700539812,0.2763853991962833,0.19595917942265428,0.24944382578492946,0.36080121229411,0.18885257457751053,0.1923076923076923,0.0,0.1923076923076923,0.3448275862068966,0.5128116404165498,0.0,0.28747978728803447,0.2763853991962833,0.21295885499998,0.36464227527765836,0.24944382578492943,0.0,0.19595917942265428,0.19595917942265428,0.42687494916219,0.2696565991042,0.18246560765962694,0.4988876515698589,0.1855768722395226,0.2456701001891583,0.2935435239509036,0.2618914004394621,0.0,0.31948553318915673,0.3142696805273545,0.20393111999232305,0.2712931993250107,0.30000000000000004,0.0,0.3,0.31948553318915673,0.49943278484292924,0.5578749768504754,0.2712931993250107,0.3352356401746214,0.43344155482677704,0.15245533898649638,0.42687494916218993,0.3552467795046459,0.25753937681885636,0.30000000000000004,0.2729595929287048,0.17668469596940847,0.15806189751202507,0.20393111999232305,0.0,0.2618914004394621,0.2321153829895989,0.30454347814923605,0.18557687223952257,0.2763853991962833,0.4087686836521285,0.0,0.2967201234291814,0.5756395979652217,0.4330127018922193,0.17141982574219336,0.1795054935711501,0.3499271061118826,0.15612494995995996,0.19595917942265426,0.38844772154450063,0.25753937681885636,0.33071891388307384,0.2664693550105965,0.0,0.0,0.2836367870880281,0.28747978728803447,0.21295885499998,0.0,0.0,0.19982631347136331,0.1795054935711501,0.0,0.2533954906327425,0.2533954906327425,0.32496153618543844,0.31948553318915673,0.0,0.2533954906327425,0.2935435239509036,0.0,0.3,0.2456701001891583,0.4087686836521285,0.318157963590287,0.19230769230769226,0.3249615361854385,0.42687494916218993,0.17141982574219336,0.18885257457751053,0.2763853991962833,0.18246560765962697,0.2290614236454256,0.21295885499997996,0.17399263633843817,0.3784847271756605,0.19982631347136331,0.0,0.0,0.4021346134376069,0.1689577248981773,0.18557687223952257,0.16433554953054488,0.19595917942265428,0.17141982574219336,0.0,0.17668469596940847,0.24206145913796356,0.2456701001891583,0.1507148999629735,0.30000000000000004,0.26339134382131846,0.17141982574219336,0.17141982574219336,0.23529411764705885,0.19982631347136331,0.3630921887069453,0.2533954906327425,0.33071891388307384,0.2618914004394621,0.32384453592227247,0.1689577248981773,0.2729595929287048,0.30000000000000004,0.2874797872880345,0.19982631347136331,0.45756572334974244,0.1855768722395226,0.2618914004394621,0.3897756765675669,0.17950549357115012,0.18246560765962697,0.2618914004394621,0.33071891388307384,0.3352356401746214,0.24206145913796356,0.17399263633843817,0.17668469596940847,0.2914805954090255,0.24206145913796356,0.0,0.16895772489817729,0.18246560765962697,0.0,0.2729595929287048,0.34583054438857597,0.16216216216216217,0.2914805954090255,0.24944382578492943,0.18557687223952257,0.0,0.17668469596940847,0.23529411764705885,0.3068922049918579,0.3263736246748184,0.26041654273247106,0.30338870682562136,0.27994168488950605,0.1665986255670086,0.16216216216216217,0.1923076923076923,0.15806189751202507,0.0,0.0,0.26646935501059654,0.35790944881871867,0.15806189751202507,0.17141982574219336,0.1923076923076923,0.0,0.2154088016177524,0.24206145913796356,0.0,0.2154088016177524,0.2386062992124791,0.20608041101101562,0.2618914004394621,0.4,0.2729595929287048,0.16216216216216214,0.23108393799841304,0.2321153829895989,0.17141982574219336,0.17141982574219336,0.2729595929287048,0.2261243314956961,0.0,0.16433554953054488,0.16216216216216217,0.3352356401746214,0.3552467795046459,0.20393111999232305,0.16895772489817729,0.27638539919628335,0.2205724427446827,0.16007269816574266,0.15612494995995996,0.34317429251230674,0.2948021099376134,0.26339134382131846,0.2154088016177524,0.318157963590287,0.0,0.3,0.19595917942265428,0.36080121229411,0.0,0.3243243243243243,0.31125697963644244,0.2817713347133852,0.26041654273247106,0.29565004483586066,0.3839765833080522,0.0,0.37097012285452546,0.2874797872880345,0.3263736246748184,0.34550687402713137,0.26646935501059643,0.24444947432076722,0.24206145913796356,0.23529411764705885,0.18557687223952257,0.2729595929287048,0.2154088016177524,0.33993463423951903,0.2738042421428314,0.2547546779093796,0.14740554623801777,0.33993463423951903,0.25753937681885636,0.3142696805273545,0.19786448397617673,0.23108393799841304,0.26339134382131846,0.29230062990244654,0.2817713347133852,0.21059035204970736,0.33071891388307384,0.39050522540135063,0.37097012285452546,0.3947905867375279,0.19982631347136331,0.32384453592227247,0.33993463423951903,0.3465038238546823,0.27994168488950605,0.22612433149569605,0.1905566969502279,0.33071891388307384,0.5043944506863701,0.0,0.3343180720616743,0.26339134382131846,0.3823255674241167,0.4770744176750625,0.3,0.31612379502405014,0.33385958650156283,0.14139190265868384,0.4442683620813,0.1923076923076923,0.30338870682562136,0.2738042421428314,0.14903269373413638,0.4033690761204283,0.26339134382131846,0.15612494995995996,0.4037952755903493,0.2898606637499727,0.28066932062240874,0.34359213546813844,0.4008255942736111,0.3579936973775524,0.40730251216835667,0.45546755530683014,0.45546755530683014,0.3194855331891567,0.0,0.3470107751127679,0.45624681590647115,0.21059035204970736,0.2533954906327425,0.415167753014098,0.3473506995302339,0.3420936439405003,0.455083060238432,0.35602554320598956,0.3876557858593746,0.3470107751127679,0.3068922049918579,0.3399346342395191,0.2646098363117118,0.39463936418252604,0.31985736975261514,0.35602554320598956,0.4106568558473581,0.3,0.3117532399905863,0.5201456611805516,0.36660605559646725,0.14740554623801777,0.2444494743207672,0.481217392757208,0.32496153618543844,0.4153255037944087,0.30689220499185793,0.41943524640393054,0.23108393799841304,0.40406101782088427,0.40771637064126925,0.3431742925123068,0.45352841221219165,0.2776643759450143,0.2513965588845988,0.3112569796364425,0.3677985242255284,0.3278895697543919,0.35799369737755243,0.43413784187558796,0.39886766925369843,0.5378254348272378
Nfil_per_cross_mean,0.0,1.0,,1.0,,1.0,,1.0,1.0,1.0,1.0,,1.0,1.0,1.0,1.0,1.0,1.0,1.0,1.0,1.0,1.0,1.0,1.0,1.0,1.0,1.0,1.0,1.0,1.0,1.0,1.0,1.0,1.0,1.0,1.0,1.0,1.0,1.0,1.0,,1.0,1.0,1.0,1.0,1.0,1.0,1.0,1.0,1.0,1.1428571428571428,1.0,1.0,1.0,1.0,1.0,1.0,1.0,1.0,1.0,1.0,1.3333333333333333,1.0,1.0,1.0,1.0,1.0,1.0,1.0,1.0,1.0,1.0,1.0,1.0,1.0,1.0,1.0,1.0,1.0,1.0,1.0,1.1428571428571428,1.0,1.0,1.0,1.0,1.0,1.0,1.0,1.0,1.0,1.0,1.0,1.0,1.0,1.0,1.0,1.0,1.0,1.0,1.0,1.0,1.0,1.0,1.0,1.0,1.0,1.0,1.0,1.0,1.0,1.0,1.0,1.0,1.0,1.0,1.0,1.0,1.0,1.0,1.0,1.0,1.0,1.0,1.0,1.0,1.0,1.0,1.0,1.0,1.0,1.0,1.0,1.0,1.0,1.0,1.0,1.0,1.0,1.0666666666666667,1.0,1.0,1.0,1.0,1.0,1.0,1.0,1.0714285714285714,1.0,1.0,1.0,1.0,1.0,1.0,1.0,1.0,1.0,1.0714285714285714,1.0,1.0,1.1428571428571428,1.0,1.0,1.0,1.0,1.0,1.0,1.0,1.0,1.0,1.0,1.0,1.0,1.0769230769230769,1.0,1.0,1.0555555555555556,1.0,1.0,1.1111111111111112,1.0,1.04,1.0,1.0,1.0,1.0,1.0,1.0,1.0,1.0,1.0,1.0,1.0769230769230769,1.0,1.0,1.0,1.0,1.0,1.0,1.0,1.0,1.0,1.0,1.0,1.0588235294117647,1.0588235294117647,1.0,1.0,1.0,1.0,1.0,1.0526315789473684,1.0,1.0,1.0,1.0,1.0,1.0,1.0,1.0,1.0,1.0,1.0,1.0,1.0,1.0,1.0,1.0,1.0,1.0,1.0,1.0,1.0,1.0454545454545454,1.0,1.0,1.0,1.0,1.0,1.0,1.0,1.0,1.0,1.0,1.0,1.0,1.04,1.0,1.0,1.05,1.0,1.03125,1.0,1.0,1.0,1.0,1.0,1.0,1.0416666666666667,1.0,1.0,1.0,1.0,1.032258064516129,1.0384615384615385,1.0869565217391304,1.0,1.0,1.0555555555555556,1.0,1.0740740740740742,1.0769230769230769,1.0,1.0,1.0666666666666667,1.0384615384615385,1.0,1.0,1.0,1.0,1.103448275862069,1.0588235294117647,1.0,1.0454545454545454,1.0,1.0476190476190477,1.0,1.0666666666666667,1.0,1.0,1.0,1.0333333333333334,1.0526315789473684,1.0,1.1333333333333333,1.0357142857142858,1.0,1.0,1.037037037037037,1.0,1.0384615384615385,1.0555555555555556,1.0434782608695652,1.0,1.0333333333333334,1.0,1.075,1.0384615384615385,1.0476190476190477,1.0714285714285714,1.0,1.064516129032258,1.0689655172413792,1.0238095238095237,1.1,1.0740740740740742,1.0357142857142858,1.0,1.0,1.032258064516129,1.0,1.0,1.0,1.037037037037037,1.0571428571428572,1.0344827586206897,1.0,1.0833333333333333,1.0,1.0,1.024390243902439,1.0769230769230769,1.1428571428571428,1.0,1.0,1.0714285714285714,1.025,1.04,1.0740740740740742,1.0,1.0625,1.0769230769230769,1.0,1.0,1.0588235294117647,1.0454545454545454,1.0476190476190477,1.0,1.0,1.0,1.0,1.0,1.0,1.0344827586206897,1.04,1.0,1.0,1.0,1.0952380952380953,1.0,1.05,1.032258064516129,1.0714285714285714,1.0571428571428572,1.0384615384615385,1.0,1.0666666666666667,1.0303030303030303,1.037037037037037,1.0,1.0,1.0,1.0,1.0,1.0606060606060606,1.0416666666666667,1.0,1.0,1.103448275862069,1.0294117647058822,1.0357142857142858,1.0277777777777777,1.0,1.0303030303030303,1.0,1.032258064516129,1.03125,1.032258064516129,1.0232558139534884,1.0333333333333334,1.025,1.0303030303030303,1.0303030303030303,1.0294117647058822,1.0,1.125,1.0689655172413792,1.03125,1.037037037037037,1.0,1.0,1.0,1.0,1.0227272727272727,1.0,1.0909090909090908,1.0357142857142858,1.0740740740740742,1.064516129032258,1.0333333333333334,1.0,1.0740740740740742,1.0416666666666667,1.032258064516129,1.03125,1.0,1.032258064516129,1.03125,1.0,1.0,1.0,1.0344827586206897,1.0,1.054054054054054,1.1111111111111112,1.027027027027027,1.03125,1.0333333333333334,1.0357142857142858,1.0,1.0,1.0588235294117647,1.0,1.0606060606060606,1.0731707317073171,1.0256410256410255,1.0285714285714285,1.0285714285714285,1.0,1.0192307692307692,1.0,1.0,1.0,1.0256410256410255,1.0227272727272727,1.0256410256410255,1.0,1.0192307692307692,1.0,1.024390243902439,1.0416666666666667,1.0,1.0,1.0303030303030303,1.0,1.037037037037037,1.0444444444444445,1.0,1.027027027027027,1.0377358490566038,1.0285714285714285,1.0303030303030303,1.0,1.054054054054054,1.0,1.0,1.0,1.0,1.064516129032258,1.0740740740740742,1.0434782608695652,1.0,1.0555555555555556,1.0256410256410255,1.0,1.025,1.0227272727272727,1.0384615384615385,1.025,1.048780487804878,1.0571428571428572,1.0,1.075,1.04,1.1025641025641026,1.0,1.0,1.065217391304348,1.0869565217391304,1.048780487804878,1.032258064516129,1.0909090909090908,1.0,1.0638297872340425,1.0227272727272727,1.0606060606060606,1.025,1.0256410256410255,1.0425531914893618,1.0,1.0588235294117647,1.0178571428571428,1.0,1.024390243902439,1.0888888888888888,1.0612244897959184,1.0465116279069768,1.0222222222222221,1.0888888888888888,1.0714285714285714,1.0833333333333333,1.0204081632653061,1.0377358490566038,1.05,1.0377358490566038,1.0217391304347827,1.0465116279069768,1.0833333333333333,1.0238095238095237,1.0425531914893618,1.0731707317073171,1.0208333333333333,1.0476190476190477,1.1,1.1162790697674418,1.0571428571428572,1.054054054054054,1.0,1.05,1.0638297872340425,1.0,1.0769230769230769,1.025,1.1111111111111112,1.04,1.06,1.0512820512820513,1.0677966101694916,1.0,1.1063829787234043,1.0192307692307692,1.0256410256410255,1.0816326530612246,1.0227272727272727,1.0681818181818181,1.05,1.0,1.0256410256410255,1.0740740740740742,1.0517241379310345,1.0625,1.0727272727272728,1.0566037735849056,1.1132075471698113,1.1081081081081081,1.0810810810810811,1.0769230769230769,1.0,1.0638297872340425,1.1363636363636365,1.0465116279069768,1.0517241379310345,1.0847457627118644,1.1228070175438596,1.0535714285714286,1.0576923076923077,1.0638297872340425,1.0789473684210527,1.0638297872340425,1.0701754385964912,1.0666666666666667,1.0606060606060606,1.105263157894737,1.0425531914893618,1.127659574468085,1.0769230769230769,1.06,1.0363636363636364,1.096774193548387,1.08,1.0222222222222221,1.0638297872340425,1.0816326530612246,1.1,1.0869565217391304,1.0701754385964912,1.1111111111111112,1.0377358490566038,1.1020408163265305,1.1041666666666667,1.0681818181818181,1.1694915254237288,1.0476190476190477,1.0677966101694916,1.065217391304348,1.0806451612903225,1.0754716981132075,1.0943396226415094,1.121212121212121,1.1267605633802817,1.196969696969697
Nfil_per_cross_std,0.0,0.0,,0.0,,0.0,,0.0,0.0,0.0,0.0,,0.0,0.0,0.0,0.0,0.0,0.0,0.0,0.0,0.0,0.0,0.0,0.0,0.0,0.0,0.0,0.0,0.0,0.0,0.0,0.0,0.0,0.0,0.0,0.0,0.0,0.0,0.0,0.0,,0.0,0.0,0.0,0.0,0.0,0.0,0.0,0.0,0.0,0.3499271061118826,0.0,0.0,0.0,0.0,0.0,0.0,0.0,0.0,0.0,0.0,0.4714045207910317,0.0,0.0,0.0,0.0,0.0,0.0,0.0,0.0,0.0,0.0,0.0,0.0,0.0,0.0,0.0,0.0,0.0,0.0,0.0,0.3499271061118826,0.0,0.0,0.0,0.0,0.0,0.0,0.0,0.0,0.0,0.0,0.0,0.0,0.0,0.0,0.0,0.0,0.0,0.0,0.0,0.0,0.0,0.0,0.0,0.0,0.0,0.0,0.0,0.0,0.0,0.0,0.0,0.0,0.0,0.0,0.0,0.0,0.0,0.0,0.0,0.0,0.0,0.0,0.0,0.0,0.0,0.0,0.0,0.0,0.0,0.0,0.0,0.0,0.0,0.0,0.0,0.0,0.0,0.24944382578492946,0.0,0.0,0.0,0.0,0.0,0.0,0.0,0.25753937681885636,0.0,0.0,0.0,0.0,0.0,0.0,0.0,0.0,0.0,0.25753937681885636,0.0,0.0,0.3499271061118826,0.0,0.0,0.0,0.0,0.0,0.0,0.0,0.0,0.0,0.0,0.0,0.0,0.26646935501059654,0.0,0.0,0.2290614236454256,0.0,0.0,0.3142696805273545,0.0,0.19595917942265426,0.0,0.0,0.0,0.0,0.0,0.0,0.0,0.0,0.0,0.0,0.2664693550105965,0.0,0.0,0.0,0.0,0.0,0.0,0.0,0.0,0.0,0.0,0.0,0.23529411764705885,0.23529411764705885,0.0,0.0,0.0,0.0,0.0,0.22329687826943603,0.0,0.0,0.0,0.0,0.0,0.0,0.0,0.0,0.0,0.0,0.0,0.0,0.0,0.0,0.0,0.0,0.0,0.0,0.0,0.0,0.0,0.20829889522526548,0.0,0.0,0.0,0.0,0.0,0.0,0.0,0.0,0.0,0.0,0.0,0.0,0.19595917942265428,0.0,0.0,0.21794494717703372,0.0,0.17399263633843817,0.0,0.0,0.0,0.0,0.0,0.0,0.19982631347136331,0.0,0.0,0.0,0.0,0.17668469596940845,0.1923076923076923,0.2817713347133853,0.0,0.0,0.2290614236454256,0.0,0.2618914004394621,0.3846153846153846,0.0,0.0,0.24944382578492946,0.19230769230769226,0.0,0.0,0.0,0.0,0.3045434781492361,0.23529411764705885,0.0,0.20829889522526548,0.0,0.21295885499998,0.0,0.24944382578492943,0.0,0.0,0.0,0.1795054935711501,0.22329687826943603,0.0,0.4988876515698589,0.1855768722395226,0.0,0.0,0.18885257457751053,0.0,0.19230769230769226,0.2290614236454256,0.20393111999232305,0.0,0.1795054935711501,0.0,0.26339134382131846,0.1923076923076923,0.21295885499998,0.25753937681885636,0.0,0.2456701001891583,0.2533954906327425,0.15245533898649638,0.30000000000000004,0.2618914004394621,0.1855768722395226,0.0,0.0,0.17668469596940847,0.0,0.0,0.0,0.18885257457751053,0.2321153829895989,0.18246560765962697,0.0,0.2763853991962833,0.0,0.0,0.1542574468374819,0.2664693550105965,0.34992710611188255,0.0,0.0,0.25753937681885636,0.15612494995995996,0.19595917942265426,0.2618914004394621,0.0,0.24206145913796356,0.2664693550105965,0.0,0.0,0.23529411764705885,0.20829889522526548,0.21295885499998,0.0,0.0,0.0,0.0,0.0,0.0,0.18246560765962697,0.19595917942265428,0.0,0.0,0.0,0.2935435239509036,0.0,0.21794494717703372,0.17668469596940847,0.25753937681885636,0.23211538298959888,0.19230769230769226,0.0,0.24944382578492943,0.17141982574219336,0.18885257457751053,0.0,0.0,0.0,0.0,0.0,0.2386062992124791,0.19982631347136331,0.0,0.0,0.4021346134376069,0.1689577248981773,0.18557687223952257,0.16433554953054488,0.0,0.17141982574219336,0.0,0.17668469596940847,0.17399263633843817,0.17668469596940847,0.1507148999629735,0.1795054935711501,0.15612494995995996,0.17141982574219336,0.17141982574219336,0.1689577248981773,0.0,0.33071891388307384,0.2533954906327425,0.17399263633843817,0.18885257457751053,0.0,0.0,0.0,0.0,0.14903269373413638,0.0,0.28747978728803447,0.1855768722395226,0.2618914004394621,0.2456701001891583,0.17950549357115012,0.0,0.2618914004394621,0.19982631347136331,0.17668469596940847,0.17399263633843817,0.0,0.17668469596940847,0.17399263633843817,0.0,0.0,0.0,0.18246560765962697,0.0,0.22612433149569608,0.3142696805273545,0.16216216216216217,0.17399263633843817,0.17950549357115012,0.18557687223952257,0.0,0.0,0.23529411764705885,0.0,0.2386062992124791,0.26041654273247106,0.1580618975120251,0.1665986255670086,0.1665986255670086,0.0,0.13733516208736252,0.0,0.0,0.0,0.1580618975120251,0.14903269373413638,0.15806189751202507,0.0,0.13733516208736252,0.0,0.1542574468374819,0.19982631347136334,0.0,0.0,0.17141982574219336,0.0,0.18885257457751053,0.20608041101101562,0.0,0.16216216216216214,0.1905566969502279,0.1665986255670086,0.17141982574219336,0.0,0.22612433149569608,0.0,0.0,0.0,0.0,0.2456701001891583,0.2618914004394621,0.20393111999232305,0.0,0.2290614236454256,0.15806189751202507,0.0,0.15612494995995996,0.14903269373413638,0.1923076923076923,0.15612494995995996,0.2154088016177524,0.2321153829895989,0.0,0.26339134382131846,0.19595917942265428,0.3033887068256214,0.0,0.0,0.24690905851305534,0.2817713347133852,0.2154088016177524,0.17668469596940845,0.34497574474564136,0.0,0.31985736975261514,0.14903269373413638,0.2386062992124791,0.15612494995995996,0.1580618975120251,0.20184751022351358,0.0,0.23529411764705885,0.13243211584099399,0.0,0.1542574468374819,0.28458329944145994,0.23974163519328023,0.21059035204970736,0.14740554623801777,0.28458329944145994,0.25753937681885636,0.27638539919628335,0.14139190265868387,0.1905566969502279,0.2179449471770337,0.1905566969502279,0.14583052027172538,0.21059035204970736,0.27638539919628335,0.15245533898649638,0.20184751022351358,0.34146341463414637,0.1428261375083551,0.21295885499997996,0.3,0.32055927330442374,0.2321153829895989,0.22612433149569605,0.0,0.21794494717703367,0.24444947432076722,0.0,0.26646935501059643,0.15612494995995996,0.3142696805273545,0.19595917942265428,0.2374868417407584,0.31612379502405014,0.2513965588845988,0.0,0.37097012285452546,0.13733516208736252,0.1580618975120251,0.2738042421428314,0.14903269373413638,0.25205764787294127,0.2179449471770337,0.0,0.1580618975120251,0.261891400439462,0.2214695272183643,0.24206145913796356,0.25968830649246727,0.23108393799841304,0.31684633252352196,0.38791081336236005,0.2729595929287048,0.2664693550105965,0.0,0.3198573697526151,0.40400883715070857,0.21059035204970736,0.2214695272183643,0.3338595865015629,0.3282155602433282,0.22517000380211594,0.23316068563427195,0.24444947432076716,0.2696565991042,0.24444947432076722,0.25544245225545675,0.2494438257849294,0.23860629921247914,0.30689220499185793,0.28860978651596886,0.3337103647097472,0.2664693550105965,0.23748684174075835,0.18719327529067278,0.29565004483586066,0.2712931993250107,0.14740554623801777,0.2444494743207672,0.2738042421428314,0.3,0.2817713347133852,0.25544245225545675,0.36851386559504445,0.1905566969502279,0.3639296836760614,0.36739983517809166,0.25205764787294127,0.41792637308264247,0.2776643759450143,0.2513965588845988,0.2469090585130553,0.27228940348603436,0.3278895697543919,0.29230062990244654,0.3263736246748184,0.37264102972740715,0.43413784187558796
Bar_Nfil_per_cross_mean,1.0871951219512195,0.0,0.0,0.0,0.0,0.0,0.0,0.0,0.0,0.0,0.0,0.0,0.0,0.0,0.0,0.0,0.0,0.0,0.0,0.0,0.0,0.0,0.0,0.0,0.0,0.0,0.0,0.0,0.0,0.0,0.0,0.0,0.0,0.0,0.0,0.0,0.0,0.0,0.0,0.0,0.0,0.0,0.0,0.0,0.0,0.0,0.0,0.0,0.0,0.0,0.0,0.0,0.0,0.0,0.0,0.0,0.0,0.0,0.0,0.0,0.0,0.0,0.0,0.0,0.0,0.0,0.0,0.0,0.0,0.0,0.0,0.0,0.0,0.0,0.0,0.0,0.0,0.0,0.0,0.0,0.0,0.0,0.0,0.0,0.0,0.0,0.0,0.0,0.0,0.0,0.0,0.0,0.0,0.0,0.0,0.0,0.0,0.0,0.0,0.0,0.0,0.0,0.0,0.0,0.0,0.0,0.0,0.0,0.0,0.0,0.0,0.0,0.0,0.0,0.0,0.0,0.0,0.0,0.0,0.0,0.0,0.0,0.0,0.0,0.0,0.0,0.0,0.0,0.0,0.0,0.0,0.0,0.0,0.0,0.0,0.0,0.0,0.0,0.0,0.0,0.0,0.0,0.0,0.0,0.0,0.0,0.0,0.0,0.0,0.0,0.0,0.0,0.0,0.0,0.0,0.0,0.0,0.0,0.0,0.0,0.0,0.0,0.0,0.0,0.0,0.0,0.0,0.0,0.0,0.0,0.0,0.0,0.0,0.0,0.0,0.0,0.0,0.0,0.0,0.0,0.0,0.0,0.0,0.0,0.0,0.0,0.0,0.0,0.0,0.0,0.0,0.0,0.0,0.0,0.0,0.0,0.0,0.0,0.0,0.0,0.0,0.0,0.0,0.0,0.0,0.0,0.0,0.0,0.0,0.0,0.0,0.0,0.0,0.0,0.0,0.0,0.0,0.0,0.0,0.0,0.0,0.0,0.0,0.0,0.0,0.0,0.0,0.0,0.0,0.0,0.0,0.0,0.0,0.0,0.0,0.0,0.0,0.0,0.0,0.0,0.0,0.0,0.0,0.0,0.0,0.0,0.0,0.0,0.0,0.0,0.0,0.0,0.0,0.0,0.0,0.0,0.0,0.0,0.0,0.0,0.0,0.0,0.0,0.0,0.0,0.0,0.0,0.0,0.0,0.0,0.0,0.0,0.0,0.0,0.0,0.0,0.0,0.0,0.0,0.0,0.0,0.0,0.0,0.0,0.0,0.0,0.0,0.0,0.0,0.0,0.0,0.0,0.0,0.0,0.0,0.0,0.0,0.0,0.0,0.0,0.0,0.0,0.0,0.0,0.0,0.0,0.0,0.0,0.0,0.0,0.0,0.0,0.0,0.0,0.0,0.0,0.0,0.0,0.0,0.0,0.0,0.0,0.0,0.0,0.0,0.0,0.0,0.0,0.0,0.0,0.0,0.0,0.0,0.0,0.0,0.0,0.0,0.0,0.0,0.0,0.0,0.0,0.0,0.0,0.0,0.0,0.0,0.0,0.0,0.0,0.0,0.0,0.0,0.0,0.0,0.0,0.0,0.0,0.0,0.0,0.0,0.0,0.0,0.0,0.0,0.0,0.0,0.0,0.0,0.0,0.0,0.0,0.0,0.0,0.0,0.0,0.0,0.0,0.0,0.0,0.0,0.0,0.0,0.0,0.0,0.0,0.0,0.0,0.0,0.0,0.0,0.0,0.0,0.0,0.0,0.0,0.0,0.0,0.0,0.0,0.0,0.0,0.0,0.0,0.0,0.0,0.0,0.0,0.0,0.0,0.0,0.0,0.0,0.0,0.0,0.0,0.0,0.0,0.0,0.0,0.0,0.0,0.0,0.0,0.0,0.0,0.0,0.0,0.0,0.0,0.0,0.0,0.0,0.0,0.0,0.0,0.0,0.0,0.0,0.0,0.0,0.0,0.0,0.0,0.0,0.0,0.0,0.0,0.0,0.0,0.0,0.0,0.0,0.0,0.0,0.0,0.0,0.0,0.0,0.0,0.0,0.0,0.0,0.0,0.0,0.0,0.0,0.0,0.0,0.0,0.0,0.0,0.0,0.0,0.0,0.0,0.0,0.0,0.0,0.0,0.0,0.0,0.0,0.0,0.0,0.0,0.0,0.0,0.0,0.0,0.0,0.0,0.0,0.0,0.0,0.0,0.0,0.0,0.0,0.0,0.0,0.0,0.0,0.0,0.0,0.0,0.0,0.0,0.0,0.0,0.0,0.0,0.0,0.0,0.0,0.0,0.0,0.0,0.0,0.0,0.0,0.0,0.0,0.0,0.0,0.0,0.0,0.0,0.0,0.0,0.0,0.0,0.0,0.0,0.0,0.0,0.0,0.0,0.0,0.0,0.0,0.0,0.0,0.0,0.0,0.0,0.0,0.0,0.0,0.0,0.0,0.0,0.0,0.0,0.0,0.0,0.0,0.0,0.0,0.0,0.0,0.0,0.0,0.0,0.0,0.0,0.0,0.0,0.0,0.0,0.0,0.0,0.0,0.0,0.0,0.0,0.0,0.0,0.0,0.0,0.0,0.0,0.0,0.0,0.0,0.0,0.0,0.0,0.0,0.0,0.0,0.0,0.0,0.0,0.0,0.0,0.0,0.0,0.0,0.0,0.0
Bar_Nfil_per_cross_std,0.30094474977182945,0.0,0.0,0.0,0.0,0.0,0.0,0.0,0.0,0.0,0.0,0.0,0.0,0.0,0.0,0.0,0.0,0.0,0.0,0.0,0.0,0.0,0.0,0.0,0.0,0.0,0.0,0.0,0.0,0.0,0.0,0.0,0.0,0.0,0.0,0.0,0.0,0.0,0.0,0.0,0.0,0.0,0.0,0.0,0.0,0.0,0.0,0.0,0.0,0.0,0.0,0.0,0.0,0.0,0.0,0.0,0.0,0.0,0.0,0.0,0.0,0.0,0.0,0.0,0.0,0.0,0.0,0.0,0.0,0.0,0.0,0.0,0.0,0.0,0.0,0.0,0.0,0.0,0.0,0.0,0.0,0.0,0.0,0.0,0.0,0.0,0.0,0.0,0.0,0.0,0.0,0.0,0.0,0.0,0.0,0.0,0.0,0.0,0.0,0.0,0.0,0.0,0.0,0.0,0.0,0.0,0.0,0.0,0.0,0.0,0.0,0.0,0.0,0.0,0.0,0.0,0.0,0.0,0.0,0.0,0.0,0.0,0.0,0.0,0.0,0.0,0.0,0.0,0.0,0.0,0.0,0.0,0.0,0.0,0.0,0.0,0.0,0.0,0.0,0.0,0.0,0.0,0.0,0.0,0.0,0.0,0.0,0.0,0.0,0.0,0.0,0.0,0.0,0.0,0.0,0.0,0.0,0.0,0.0,0.0,0.0,0.0,0.0,0.0,0.0,0.0,0.0,0.0,0.0,0.0,0.0,0.0,0.0,0.0,0.0,0.0,0.0,0.0,0.0,0.0,0.0,0.0,0.0,0.0,0.0,0.0,0.0,0.0,0.0,0.0,0.0,0.0,0.0,0.0,0.0,0.0,0.0,0.0,0.0,0.0,0.0,0.0,0.0,0.0,0.0,0.0,0.0,0.0,0.0,0.0,0.0,0.0,0.0,0.0,0.0,0.0,0.0,0.0,0.0,0.0,0.0,0.0,0.0,0.0,0.0,0.0,0.0,0.0,0.0,0.0,0.0,0.0,0.0,0.0,0.0,0.0,0.0,0.0,0.0,0.0,0.0,0.0,0.0,0.0,0.0,0.0,0.0,0.0,0.0,0.0,0.0,0.0,0.0,0.0,0.0,0.0,0.0,0.0,0.0,0.0,0.0,0.0,0.0,0.0,0.0,0.0,0.0,0.0,0.0,0.0,0.0,0.0,0.0,0.0,0.0,0.0,0.0,0.0,0.0,0.0,0.0,0.0,0.0,0.0,0.0,0.0,0.0,0.0,0.0,0.0,0.0,0.0,0.0,0.0,0.0,0.0,0.0,0.0,0.0,0.0,0.0,0.0,0.0,0.0,0.0,0.0,0.0,0.0,0.0,0.0,0.0,0.0,0.0,0.0,0.0,0.0,0.0,0.0,0.0,0.0,0.0,0.0,0.0,0.0,0.0,0.0,0.0,0.0,0.0,0.0,0.0,0.0,0.0,0.0,0.0,0.0,0.0,0.0,0.0,0.0,0.0,0.0,0.0,0.0,0.0,0.0,0.0,0.0,0.0,0.0,0.0,0.0,0.0,0.0,0.0,0.0,0.0,0.0,0.0,0.0,0.0,0.0,0.0,0.0,0.0,0.0,0.0,0.0,0.0,0.0,0.0,0.0,0.0,0.0,0.0,0.0,0.0,0.0,0.0,0.0,0.0,0.0,0.0,0.0,0.0,0.0,0.0,0.0,0.0,0.0,0.0,0.0,0.0,0.0,0.0,0.0,0.0,0.0,0.0,0.0,0.0,0.0,0.0,0.0,0.0,0.0,0.0,0.0,0.0,0.0,0.0,0.0,0.0,0.0,0.0,0.0,0.0,0.0,0.0,0.0,0.0,0.0,0.0,0.0,0.0,0.0,0.0,0.0,0.0,0.0,0.0,0.0,0.0,0.0,0.0,0.0,0.0,0.0,0.0,0.0,0.0,0.0,0.0,0.0,0.0,0.0,0.0,0.0,0.0,0.0,0.0,0.0,0.0,0.0,0.0,0.0,0.0,0.0,0.0,0.0,0.0,0.0,0.0,0.0,0.0,0.0,0.0,0.0,0.0,0.0,0.0,0.0,0.0,0.0,0.0,0.0,0.0,0.0,0.0,0.0,0.0,0.0,0.0,0.0,0.0,0.0,0.0,0.0,0.0,0.0,0.0,0.0,0.0,0.0,0.0,0.0,0.0,0.0,0.0,0.0,0.0,0.0,0.0,0.0,0.0,0.0,0.0,0.0,0.0,0.0,0.0,0.0,0.0,0.0,0.0,0.0,0.0,0.0,0.0,0.0,0.0,0.0,0.0,0.0,0.0,0.0,0.0,0.0,0.0,0.0,0.0,0.0,0.0,0.0,0.0,0.0,0.0,0.0,0.0,0.0,0.0,0.0,0.0,0.0,0.0,0.0,0.0,0.0,0.0,0.0,0.0,0.0,0.0,0.0,0.0,0.0,0.0,0.0,0.0,0.0,0.0,0.0,0.0,0.0,0.0,0.0,0.0,0.0,0.0,0.0,0.0,0.0,0.0,0.0,0.0,0.0,0.0,0.0,0.0,0.0,0.0,0.0,0.0,0.0,0.0,0.0,0.0,0.0,0.0,0.0,0.0,0.0,0.0,0.0,0.0,0.0,0.0,0.0,0.0,0.0,0.0
Mean_Nfpc_1_fil,0.0,1.0,0.0,1.0,0.0,1.0,0.0,2.0,1.0,4.0,1.0,0.0,3.0,2.0,3.0,2.0,2.0,5.0,2.0,1.0,3.0,1.0,3.0,1.0,3.0,3.0,3.0,3.0,7.0,4.0,4.0,5.0,5.0,5.0,1.0,4.0,2.0,2.0,5.0,1.0,0.0,4.0,8.0,4.0,5.0,4.0,2.0,7.0,5.0,3.0,6.0,7.0,4.0,7.0,7.0,6.0,2.0,3.0,6.0,4.0,4.0,2.0,4.0,3.0,6.0,7.0,5.0,6.0,6.0,6.0,6.0,5.0,7.0,3.0,5.0,3.0,6.0,5.0,7.0,5.0,4.0,6.0,5.0,13.0,3.0,10.0,9.0,10.0,11.0,4.0,10.0,13.0,11.0,6.0,12.0,8.0,8.0,9.0,7.0,6.0,6.0,8.0,7.0,9.0,7.0,12.0,7.0,7.0,13.0,12.0,12.0,10.0,14.0,8.0,11.0,4.0,11.0,7.0,7.0,9.0,18.0,19.0,5.0,9.0,8.0,14.0,9.0,11.0,9.0,9.0,10.0,6.0,6.0,15.0,11.0,8.0,14.0,17.0,9.0,14.0,14.0,17.0,7.0,9.0,13.0,13.0,6.0,13.0,10.0,8.0,19.0,13.0,14.0,14.0,13.0,10.0,13.0,13.0,13.0,20.0,6.0,20.0,9.0,17.0,16.0,12.0,8.0,16.0,19.0,16.0,8.0,9.0,14.0,12.0,14.0,11.0,17.0,12.0,19.0,8.0,10.0,24.0,12.0,16.0,7.0,13.0,21.0,16.0,14.0,14.0,18.0,13.0,12.0,11.0,19.0,14.0,14.0,26.0,9.0,9.0,19.0,22.0,21.0,17.0,16.0,16.0,16.0,20.0,15.0,18.0,21.0,18.0,17.0,14.0,20.0,18.0,11.0,12.0,23.0,14.0,19.0,9.0,25.0,15.0,24.0,19.0,19.0,15.0,16.0,19.0,25.0,21.0,16.0,21.0,29.0,26.0,16.0,20.0,23.0,13.0,17.0,20.0,14.0,17.0,15.0,19.0,24.0,11.0,20.0,19.0,24.0,31.0,20.0,27.0,19.0,28.0,22.0,24.0,23.0,13.0,16.0,22.0,19.0,30.0,25.0,21.0,19.0,15.0,17.0,24.0,25.0,25.0,24.0,25.0,14.0,25.0,27.0,26.0,21.0,26.0,26.0,32.0,21.0,21.0,24.0,20.0,19.0,28.0,36.0,25.0,25.0,29.0,36.0,29.0,14.0,27.0,31.0,21.0,26.0,23.0,25.0,17.0,22.0,25.0,29.0,34.0,37.0,25.0,20.0,26.0,25.0,29.0,27.0,41.0,27.0,25.0,27.0,30.0,37.0,30.0,39.0,23.0,27.0,26.0,33.0,28.0,28.0,22.0,28.0,32.0,40.0,24.0,24.0,33.0,30.0,26.0,39.0,24.0,25.0,42.0,30.0,24.0,31.0,26.0,32.0,21.0,20.0,32.0,36.0,24.0,30.0,27.0,29.0,28.0,24.0,26.0,34.0,29.0,19.0,28.0,19.0,30.0,26.0,33.0,25.0,25.0,28.0,32.0,26.0,24.0,29.0,36.0,42.0,32.0,31.0,23.0,27.0,29.0,27.0,33.0,27.0,35.0,25.0,32.0,33.0,30.0,31.0,30.0,42.0,29.0,39.0,32.0,32.0,33.0,24.0,28.0,27.0,31.0,26.0,42.0,34.0,37.0,30.0,43.0,24.0,30.0,27.0,25.0,29.0,29.0,29.0,25.0,23.0,30.0,31.0,32.0,30.0,31.0,32.0,33.0,34.0,28.0,37.0,35.0,32.0,36.0,31.0,29.0,27.0,36.0,31.0,32.0,38.0,31.0,38.0,38.0,34.0,34.0,37.0,51.0,39.0,29.0,41.0,38.0,43.0,38.0,33.0,51.0,35.0,40.0,46.0,26.0,41.0,32.0,45.0,26.0,43.0,37.0,36.0,51.0,34.0,32.0,33.0,35.0,37.0,46.0,36.0,37.0,29.0,25.0,44.0,34.0,34.0,38.0,38.0,39.0,43.0,50.0,39.0,39.0,33.0,34.0,37.0,48.0,35.0,34.0,37.0,43.0,42.0,39.0,30.0,51.0,43.0,45.0,43.0,31.0,39.0,38.0,45.0,32.0,32.0,55.0,37.0,40.0,41.0,46.0,41.0,44.0,41.0,39.0,33.0,48.0,51.0,38.0,51.0,45.0,41.0,44.0,41.0,45.0,39.0,47.0,40.0,27.0,38.0,33.0,35.0,53.0,38.0,44.0,30.0,36.0,39.0,40.0,48.0,47.0,38.0,55.0,49.0,43.0,51.0,38.0,45.0,43.0,41.0,38.0,40.0,38.0,50.0,55.0,45.0,51.0,50.0,47.0,34.0,34.0,48.0,37.0,45.0,39.0,41.0,55.0,55.0,50.0,53.0,49.0,44.0,35.0,44.0,53.0,42.0,62.0,51.0,46.0,41.0,48.0,47.0,53.0,28.0,46.0,44.0,44.0,45.0,45.0,42.0,53.0,49.0,51.0,45.0,44.0,41.0,50.0,61.0,55.0,43.0,57.0,50.0,48.0,58.0,63.0,54.0
Std_Npc_1_fil,0.0,0.0,0.0,0.0,0.0,0.0,0.0,0.0,0.0,0.0,0.0,0.0,0.0,0.0,0.0,0.0,0.0,0.0,0.0,0.0,0.0,0.0,0.0,0.0,0.0,0.0,0.0,0.0,0.0,0.0,0.0,0.0,0.0,0.0,0.0,0.0,0.0,0.0,0.0,0.0,0.0,0.0,0.0,0.0,0.0,0.0,0.0,0.0,0.0,0.0,0.0,0.0,0.0,0.0,0.0,0.0,0.0,0.0,0.0,0.0,0.0,0.0,0.0,0.0,0.0,0.0,0.0,0.0,0.0,0.0,0.0,0.0,0.0,0.0,0.0,0.0,0.0,0.0,0.0,0.0,0.0,0.0,0.0,0.0,0.0,0.0,0.0,0.0,0.0,0.0,0.0,0.0,0.0,0.0,0.0,0.0,0.0,0.0,0.0,0.0,0.0,0.0,0.0,0.0,0.0,0.0,0.0,0.0,0.0,0.0,0.0,0.0,0.0,0.0,0.0,0.0,0.0,0.0,0.0,0.0,0.0,0.0,0.0,0.0,0.0,0.0,0.0,0.0,0.0,0.0,0.0,0.0,0.0,0.0,0.0,0.0,0.0,0.0,0.0,0.0,0.0,0.0,0.0,0.0,0.0,0.0,0.0,0.0,0.0,0.0,0.0,0.0,0.0,0.0,0.0,0.0,0.0,0.0,0.0,0.0,0.0,0.0,0.0,0.0,0.0,0.0,0.0,0.0,0.0,0.0,0.0,0.0,0.0,0.0,0.0,0.0,0.0,0.0,0.0,0.0,0.0,0.0,0.0,0.0,0.0,0.0,0.0,0.0,0.0,0.0,0.0,0.0,0.0,0.0,0.0,0.0,0.0,0.0,0.0,0.0,0.0,0.0,0.0,0.0,0.0,0.0,0.0,0.0,0.0,0.0,0.0,0.0,0.0,0.0,0.0,0.0,0.0,0.0,0.0,0.0,0.0,0.0,0.0,0.0,0.0,0.0,0.0,0.0,0.0,0.0,0.0,0.0,0.0,0.0,0.0,0.0,0.0,0.0,0.0,0.0,0.0,0.0,0.0,0.0,0.0,0.0,0.0,0.0,0.0,0.0,0.0,0.0,0.0,0.0,0.0,0.0,0.0,0.0,0.0,0.0,0.0,0.0,0.0,0.0,0.0,0.0,0.0,0.0,0.0,0.0,0.0,0.0,0.0,0.0,0.0,0.0,0.0,0.0,0.0,0.0,0.0,0.0,0.0,0.0,0.0,0.0,0.0,0.0,0.0,0.0,0.0,0.0,0.0,0.0,0.0,0.0,0.0,0.0,0.0,0.0,0.0,0.0,0.0,0.0,0.0,0.0,0.0,0.0,0.0,0.0,0.0,0.0,0.0,0.0,0.0,0.0,0.0,0.0,0.0,0.0,0.0,0.0,0.0,0.0,0.0,0.0,0.0,0.0,0.0,0.0,0.0,0.0,0.0,0.0,0.0,0.0,0.0,0.0,0.0,0.0,0.0,0.0,0.0,0.0,0.0,0.0,0.0,0.0,0.0,0.0,0.0,0.0,0.0,0.0,0.0,0.0,0.0,0.0,0.0,0.0,0.0,0.0,0.0,0.0,0.0,0.0,0.0,0.0,0.0,0.0,0.0,0.0,0.0,0.0,0.0,0.0,0.0,0.0,0.0,0.0,0.0,0.0,0.0,0.0,0.0,0.0,0.0,0.0,0.0,0.0,0.0,0.0,0.0,0.0,0.0,0.0,0.0,0.0,0.0,0.0,0.0,0.0,0.0,0.0,0.0,0.0,0.0,0.0,0.0,0.0,0.0,0.0,0.0,0.0,0.0,0.0,0.0,0.0,0.0,0.0,0.0,0.0,0.0,0.0,0.0,0.0,0.0,0.0,0.0,0.0,0.0,0.0,0.0,0.0,0.0,0.0,0.0,0.0,0.0,0.0,0.0,0.0,0.0,0.0,0.0,0.0,0.0,0.0,0.0,0.0,0.0,0.0,0.0,0.0,0.0,0.0,0.0,0.0,0.0,0.0,0.0,0.0,0.0,0.0,0.0,0.0,0.0,0.0,0.0,0.0,0.0,0.0,0.0,0.0,0.0,0.0,0.0,0.0,0.0,0.0,0.0,0.0,0.0,0.0,0.0,0.0,0.0,0.0,0.0,0.0,0.0,0.0,0.0,0.0,0.0,0.0,0.0,0.0,0.0,0.0,0.0,0.0,0.0,0.0,0.0,0.0,0.0,0.0,0.0,0.0,0.0,0.0,0.0,0.0,0.0,0.0,0.0,0.0,0.0,0.0,0.0,0.0,0.0,0.0,0.0,0.0,0.0,0.0,0.0,0.0,0.0,0.0,0.0,0.0,0.0,0.0,0.0,0.0,0.0,0.0,0.0,0.0,0.0,0.0,0.0,0.0,0.0,0.0,0.0,0.0,0.0,0.0,0.0,0.0,0.0,0.0,0.0,0.0,0.0,0.0,0.0,0.0,0.0,0.0,0.0,0.0,0.0,0.0,0.0,0.0,0.0,0.0,0.0,0.0,0.0,0.0,0.0,0.0,0.0,0.0,0.0,0.0,0.0,0.0,0.0,0.0,0.0,0.0,0.0,0.0,0.0,0.0,0.0,0.0,0.0,0.0,0.0,0.0,0.0,0.0,0.0
Mean_Nfpc_2_fil,0.0,0.0,0.0,0.0,0.0,0.0,0.0,0.0,0.0,0.0,0.0,0.0,0.0,0.0,0.0,0.0,0.0,0.0,0.0,0.0,0.0,0.0,0.0,0.0,0.0,0.0,0.0,0.0,0.0,0.0,0.0,0.0,0.0,0.0,0.0,0.0,0.0,0.0,0.0,0.0,0.0,0.0,0.0,0.0,0.0,0.0,0.0,0.0,0.0,0.0,1.0,0.0,0.0,0.0,0.0,0.0,0.0,0.0,0.0,0.0,0.0,1.0,0.0,0.0,0.0,0.0,0.0,0.0,0.0,0.0,0.0,0.0,0.0,0.0,0.0,0.0,0.0,0.0,0.0,0.0,0.0,1.0,0.0,0.0,0.0,0.0,0.0,0.0,0.0,0.0,0.0,0.0,0.0,0.0,0.0,0.0,0.0,0.0,0.0,0.0,0.0,0.0,0.0,0.0,0.0,0.0,0.0,0.0,0.0,0.0,0.0,0.0,0.0,0.0,0.0,0.0,0.0,0.0,0.0,0.0,0.0,0.0,0.0,0.0,0.0,0.0,0.0,0.0,0.0,0.0,0.0,0.0,0.0,0.0,0.0,0.0,0.0,0.0,0.0,1.0,0.0,0.0,0.0,0.0,0.0,0.0,0.0,1.0,0.0,0.0,0.0,0.0,0.0,0.0,0.0,0.0,0.0,1.0,0.0,0.0,1.0,0.0,0.0,0.0,0.0,0.0,0.0,0.0,0.0,0.0,0.0,0.0,0.0,1.0,0.0,0.0,1.0,0.0,0.0,1.0,0.0,1.0,0.0,0.0,0.0,0.0,0.0,0.0,0.0,0.0,0.0,0.0,1.0,0.0,0.0,0.0,0.0,0.0,0.0,0.0,0.0,0.0,0.0,0.0,1.0,1.0,0.0,0.0,0.0,0.0,0.0,1.0,0.0,0.0,0.0,0.0,0.0,0.0,0.0,0.0,0.0,0.0,0.0,0.0,0.0,0.0,0.0,0.0,0.0,0.0,0.0,0.0,0.0,1.0,0.0,0.0,0.0,0.0,0.0,0.0,0.0,0.0,0.0,0.0,0.0,0.0,1.0,0.0,0.0,1.0,0.0,1.0,0.0,0.0,0.0,0.0,0.0,0.0,1.0,0.0,0.0,0.0,0.0,1.0,1.0,2.0,0.0,0.0,1.0,0.0,2.0,0.0,0.0,0.0,1.0,1.0,0.0,0.0,0.0,0.0,3.0,2.0,0.0,1.0,0.0,1.0,0.0,2.0,0.0,0.0,0.0,1.0,2.0,0.0,0.0,1.0,0.0,0.0,1.0,0.0,1.0,1.0,1.0,0.0,1.0,0.0,3.0,1.0,1.0,2.0,0.0,2.0,2.0,1.0,3.0,2.0,1.0,0.0,0.0,1.0,0.0,0.0,0.0,1.0,2.0,1.0,0.0,2.0,0.0,0.0,1.0,2.0,4.0,0.0,0.0,2.0,1.0,1.0,2.0,0.0,2.0,2.0,0.0,0.0,2.0,1.0,1.0,0.0,0.0,0.0,0.0,0.0,0.0,1.0,1.0,0.0,0.0,0.0,2.0,0.0,1.0,1.0,2.0,2.0,1.0,0.0,2.0,1.0,1.0,0.0,0.0,0.0,0.0,0.0,2.0,1.0,0.0,0.0,1.0,1.0,1.0,1.0,0.0,1.0,0.0,1.0,1.0,1.0,1.0,1.0,1.0,1.0,1.0,1.0,0.0,4.0,2.0,1.0,1.0,0.0,0.0,0.0,0.0,1.0,0.0,3.0,1.0,2.0,2.0,1.0,0.0,2.0,1.0,1.0,1.0,0.0,1.0,1.0,0.0,0.0,0.0,1.0,0.0,2.0,4.0,1.0,1.0,1.0,1.0,0.0,0.0,2.0,0.0,2.0,3.0,1.0,1.0,1.0,0.0,1.0,0.0,0.0,0.0,1.0,1.0,1.0,0.0,1.0,0.0,1.0,2.0,0.0,0.0,1.0,0.0,1.0,2.0,0.0,1.0,2.0,1.0,1.0,0.0,2.0,0.0,0.0,0.0,0.0,2.0,2.0,2.0,0.0,2.0,1.0,0.0,1.0,1.0,2.0,1.0,2.0,2.0,0.0,3.0,2.0,4.0,0.0,0.0,3.0,4.0,2.0,1.0,3.0,0.0,1.0,1.0,2.0,1.0,1.0,2.0,0.0,2.0,1.0,0.0,1.0,4.0,3.0,2.0,1.0,4.0,3.0,3.0,1.0,2.0,2.0,2.0,1.0,2.0,4.0,1.0,2.0,1.0,1.0,2.0,3.0,5.0,2.0,2.0,0.0,2.0,3.0,0.0,3.0,1.0,5.0,2.0,3.0,0.0,4.0,0.0,3.0,1.0,1.0,4.0,1.0,3.0,2.0,0.0,1.0,4.0,3.0,3.0,4.0,3.0,6.0,2.0,3.0,4.0,0.0,1.0,4.0,2.0,3.0,3.0,7.0,3.0,3.0,3.0,3.0,3.0,4.0,3.0,4.0,6.0,0.0,6.0,4.0,3.0,2.0,3.0,4.0,1.0,3.0,4.0,5.0,4.0,4.0,4.0,2.0,3.0,3.0,3.0,8.0,1.0,4.0,3.0,5.0,2.0,5.0,8.0,7.0,11.0
Std_Nfpc_2_fil,0.0,0.0,0.0,0.0,0.0,0.0,0.0,0.0,0.0,0.0,0.0,0.0,0.0,0.0,0.0,0.0,0.0,0.0,0.0,0.0,0.0,0.0,0.0,0.0,0.0,0.0,0.0,0.0,0.0,0.0,0.0,0.0,0.0,0.0,0.0,0.0,0.0,0.0,0.0,0.0,0.0,0.0,0.0,0.0,0.0,0.0,0.0,0.0,0.0,0.0,0.0,0.0,0.0,0.0,0.0,0.0,0.0,0.0,0.0,0.0,0.0,0.0,0.0,0.0,0.0,0.0,0.0,0.0,0.0,0.0,0.0,0.0,0.0,0.0,0.0,0.0,0.0,0.0,0.0,0.0,0.0,0.0,0.0,0.0,0.0,0.0,0.0,0.0,0.0,0.0,0.0,0.0,0.0,0.0,0.0,0.0,0.0,0.0,0.0,0.0,0.0,0.0,0.0,0.0,0.0,0.0,0.0,0.0,0.0,0.0,0.0,0.0,0.0,0.0,0.0,0.0,0.0,0.0,0.0,0.0,0.0,0.0,0.0,0.0,0.0,0.0,0.0,0.0,0.0,0.0,0.0,0.0,0.0,0.0,0.0,0.0,0.0,0.0,0.0,0.0,0.0,0.0,0.0,0.0,0.0,0.0,0.0,0.0,0.0,0.0,0.0,0.0,0.0,0.0,0.0,0.0,0.0,0.0,0.0,0.0,0.0,0.0,0.0,0.0,0.0,0.0,0.0,0.0,0.0,0.0,0.0,0.0,0.0,0.0,0.0,0.0,0.0,0.0,0.0,0.0,0.0,0.0,0.0,0.0,0.0,0.0,0.0,0.0,0.0,0.0,0.0,0.0,0.0,0.0,0.0,0.0,0.0,0.0,0.0,0.0,0.0,0.0,0.0,0.0,0.0,0.0,0.0,0.0,0.0,0.0,0.0,0.0,0.0,0.0,0.0,0.0,0.0,0.0,0.0,0.0,0.0,0.0,0.0,0.0,0.0,0.0,0.0,0.0,0.0,0.0,0.0,0.0,0.0,0.0,0.0,0.0,0.0,0.0,0.0,0.0,0.0,0.0,0.0,0.0,0.0,0.0,0.0,0.0,0.0,0.0,0.0,0.0,0.0,0.0,0.0,0.0,0.0,0.0,0.0,0.0,0.0,0.0,0.0,0.0,0.0,0.0,0.0,0.0,0.0,0.0,0.0,0.0,0.0,0.0,0.0,0.0,0.0,0.0,0.0,0.0,0.0,0.0,0.0,0.0,0.0,0.0,0.0,0.0,0.0,0.0,0.0,0.0,0.0,0.0,0.0,0.0,0.0,0.0,0.0,0.0,0.0,0.0,0.0,0.0,0.0,0.0,0.0,0.0,0.0,0.0,0.0,0.0,0.0,0.0,0.0,0.0,0.0,0.0,0.0,0.0,0.0,0.0,0.0,0.0,0.0,0.0,0.0,0.0,0.0,0.0,0.0,0.0,0.0,0.0,0.0,0.0,0.0,0.0,0.0,0.0,0.0,0.0,0.0,0.0,0.0,0.0,0.0,0.0,0.0,0.0,0.0,0.0,0.0,0.0,0.0,0.0,0.0,0.0,0.0,0.0,0.0,0.0,0.0,0.0,0.0,0.0,0.0,0.0,0.0,0.0,0.0,0.0,0.0,0.0,0.0,0.0,0.0,0.0,0.0,0.0,0.0,0.0,0.0,0.0,0.0,0.0,0.0,0.0,0.0,0.0,0.0,0.0,0.0,0.0,0.0,0.0,0.0,0.0,0.0,0.0,0.0,0.0,0.0,0.0,0.0,0.0,0.0,0.0,0.0,0.0,0.0,0.0,0.0,0.0,0.0,0.0,0.0,0.0,0.0,0.0,0.0,0.0,0.0,0.0,0.0,0.0,0.0,0.0,0.0,0.0,0.0,0.0,0.0,0.0,0.0,0.0,0.0,0.0,0.0,0.0,0.0,0.0,0.0,0.0,0.0,0.0,0.0,0.0,0.0,0.0,0.0,0.0,0.0,0.0,0.0,0.0,0.0,0.0,0.0,0.0,0.0,0.0,0.0,0.0,0.0,0.0,0.0,0.0,0.0,0.0,0.0,0.0,0.0,0.0,0.0,0.0,0.0,0.0,0.0,0.0,0.0,0.0,0.0,0.0,0.0,0.0,0.0,0.0,0.0,0.0,0.0,0.0,0.0,0.0,0.0,0.0,0.0,0.0,0.0,0.0,0.0,0.0,0.0,0.0,0.0,0.0,0.0,0.0,0.0,0.0,0.0,0.0,0.0,0.0,0.0,0.0,0.0,0.0,0.0,0.0,0.0,0.0,0.0,0.0,0.0,0.0,0.0,0.0,0.0,0.0,0.0,0.0,0.0,0.0,0.0,0.0,0.0,0.0,0.0,0.0,0.0,0.0,0.0,0.0,0.0,0.0,0.0,0.0,0.0,0.0,0.0,0.0,0.0,0.0,0.0,0.0,0.0,0.0,0.0,0.0,0.0,0.0,0.0,0.0,0.0,0.0,0.0,0.0,0.0,0.0,0.0,0.0,0.0,0.0,0.0,0.0,0.0,0.0,0.0,0.0,0.0,0.0,0.0,0.0,0.0,0.0,0.0,0.0,0.0,0.0,0.0,0.0,0.0,0.0,0.0,0.0,0.0,0.0,0.0,0.0,0.0
Mean_Nfpc_3_fil,0.0,0.0,0.0,0.0,0.0,0.0,0.0,0.0,0.0,0.0,0.0,0.0,0.0,0.0,0.0,0.0,0.0,0.0,0.0,0.0,0.0,0.0,0.0,0.0,0.0,0.0,0.0,0.0,0.0,0.0,0.0,0.0,0.0,0.0,0.0,0.0,0.0,0.0,0.0,0.0,0.0,0.0,0.0,0.0,0.0,0.0,0.0,0.0,0.0,0.0,0.0,0.0,0.0,0.0,0.0,0.0,0.0,0.0,0.0,0.0,0.0,0.0,0.0,0.0,0.0,0.0,0.0,0.0,0.0,0.0,0.0,0.0,0.0,0.0,0.0,0.0,0.0,0.0,0.0,0.0,0.0,0.0,0.0,0.0,0.0,0.0,0.0,0.0,0.0,0.0,0.0,0.0,0.0,0.0,0.0,0.0,0.0,0.0,0.0,0.0,0.0,0.0,0.0,0.0,0.0,0.0,0.0,0.0,0.0,0.0,0.0,0.0,0.0,0.0,0.0,0.0,0.0,0.0,0.0,0.0,0.0,0.0,0.0,0.0,0.0,0.0,0.0,0.0,0.0,0.0,0.0,0.0,0.0,0.0,0.0,0.0,0.0,0.0,0.0,0.0,0.0,0.0,0.0,0.0,0.0,0.0,0.0,0.0,0.0,0.0,0.0,0.0,0.0,0.0,0.0,0.0,0.0,0.0,0.0,0.0,0.0,0.0,0.0,0.0,0.0,0.0,0.0,0.0,0.0,0.0,0.0,0.0,0.0,0.0,0.0,0.0,0.0,0.0,0.0,0.0,0.0,0.0,0.0,0.0,0.0,0.0,0.0,0.0,0.0,0.0,0.0,0.0,0.0,0.0,0.0,0.0,0.0,0.0,0.0,0.0,0.0,0.0,0.0,0.0,0.0,0.0,0.0,0.0,0.0,0.0,0.0,0.0,0.0,0.0,0.0,0.0,0.0,0.0,0.0,0.0,0.0,0.0,0.0,0.0,0.0,0.0,0.0,0.0,0.0,0.0,0.0,0.0,0.0,0.0,0.0,0.0,0.0,0.0,0.0,0.0,0.0,0.0,0.0,0.0,0.0,0.0,0.0,0.0,0.0,0.0,0.0,0.0,0.0,0.0,0.0,0.0,0.0,0.0,0.0,0.0,0.0,0.0,0.0,0.0,0.0,0.0,0.0,0.0,0.0,0.0,0.0,1.0,0.0,0.0,0.0,0.0,0.0,0.0,0.0,0.0,0.0,0.0,0.0,0.0,0.0,0.0,0.0,0.0,0.0,0.0,0.0,0.0,0.0,0.0,1.0,0.0,0.0,0.0,0.0,0.0,0.0,0.0,0.0,0.0,0.0,0.0,0.0,0.0,0.0,0.0,0.0,0.0,0.0,0.0,0.0,0.0,0.0,0.0,0.0,0.0,0.0,0.0,0.0,0.0,0.0,0.0,0.0,0.0,0.0,0.0,0.0,0.0,0.0,0.0,0.0,0.0,0.0,0.0,0.0,0.0,0.0,0.0,0.0,0.0,0.0,0.0,0.0,0.0,0.0,0.0,0.0,0.0,0.0,0.0,0.0,0.0,0.0,0.0,0.0,0.0,0.0,0.0,0.0,0.0,0.0,0.0,0.0,0.0,0.0,0.0,0.0,0.0,0.0,0.0,0.0,0.0,0.0,0.0,1.0,0.0,0.0,0.0,0.0,0.0,0.0,0.0,0.0,0.0,0.0,0.0,0.0,0.0,0.0,0.0,0.0,0.0,0.0,0.0,0.0,0.0,0.0,0.0,0.0,0.0,0.0,0.0,0.0,0.0,0.0,0.0,0.0,0.0,0.0,0.0,0.0,0.0,0.0,0.0,0.0,0.0,0.0,0.0,0.0,0.0,0.0,0.0,0.0,0.0,0.0,0.0,0.0,0.0,0.0,0.0,0.0,0.0,0.0,0.0,0.0,0.0,0.0,0.0,0.0,0.0,0.0,0.0,0.0,0.0,0.0,0.0,0.0,0.0,0.0,0.0,0.0,0.0,0.0,0.0,0.0,0.0,0.0,0.0,0.0,0.0,0.0,0.0,0.0,0.0,0.0,0.0,0.0,0.0,0.0,0.0,0.0,0.0,0.0,0.0,0.0,0.0,0.0,0.0,0.0,0.0,0.0,0.0,0.0,0.0,0.0,0.0,0.0,1.0,0.0,1.0,0.0,0.0,0.0,0.0,0.0,0.0,0.0,0.0,0.0,0.0,0.0,0.0,0.0,0.0,0.0,0.0,0.0,0.0,0.0,0.0,0.0,0.0,0.0,0.0,0.0,0.0,1.0,0.0,0.0,0.0,0.0,0.0,0.0,0.0,0.0,0.0,0.0,0.0,0.0,0.0,0.0,0.0,1.0,0.0,0.0,1.0,0.0,0.0,0.0,0.0,0.0,0.0,0.0,0.0,0.0,0.0,0.0,0.0,0.0,0.0,1.0,0.0,0.0,0.0,1.0,1.0,0.0,0.0,1.0,0.0,0.0,0.0,0.0,0.0,0.0,0.0,0.0,0.0,0.0,1.0,0.0,0.0,0.0,0.0,0.0,0.0,0.0,0.0,0.0,0.0,0.0,0.0,1.0,0.0,1.0,1.0,0.0,1.0,1.0,0.0,0.0,0.0,1.0,0.0,0.0,1.0,1.0
Std_Nfpc_3_fil,0.0,0.0,0.0,0.0,0.0,0.0,0.0,0.0,0.0,0.0,0.0,0.0,0.0,0.0,0.0,0.0,0.0,0.0,0.0,0.0,0.0,0.0,0.0,0.0,0.0,0.0,0.0,0.0,0.0,0.0,0.0,0.0,0.0,0.0,0.0,0.0,0.0,0.0,0.0,0.0,0.0,0.0,0.0,0.0,0.0,0.0,0.0,0.0,0.0,0.0,0.0,0.0,0.0,0.0,0.0,0.0,0.0,0.0,0.0,0.0,0.0,0.0,0.0,0.0,0.0,0.0,0.0,0.0,0.0,0.0,0.0,0.0,0.0,0.0,0.0,0.0,0.0,0.0,0.0,0.0,0.0,0.0,0.0,0.0,0.0,0.0,0.0,0.0,0.0,0.0,0.0,0.0,0.0,0.0,0.0,0.0,0.0,0.0,0.0,0.0,0.0,0.0,0.0,0.0,0.0,0.0,0.0,0.0,0.0,0.0,0.0,0.0,0.0,0.0,0.0,0.0,0.0,0.0,0.0,0.0,0.0,0.0,0.0,0.0,0.0,0.0,0.0,0.0,0.0,0.0,0.0,0.0,0.0,0.0,0.0,0.0,0.0,0.0,0.0,0.0,0.0,0.0,0.0,0.0,0.0,0.0,0.0,0.0,0.0,0.0,0.0,0.0,0.0,0.0,0.0,0.0,0.0,0.0,0.0,0.0,0.0,0.0,0.0,0.0,0.0,0.0,0.0,0.0,0.0,0.0,0.0,0.0,0.0,0.0,0.0,0.0,0.0,0.0,0.0,0.0,0.0,0.0,0.0,0.0,0.0,0.0,0.0,0.0,0.0,0.0,0.0,0.0,0.0,0.0,0.0,0.0,0.0,0.0,0.0,0.0,0.0,0.0,0.0,0.0,0.0,0.0,0.0,0.0,0.0,0.0,0.0,0.0,0.0,0.0,0.0,0.0,0.0,0.0,0.0,0.0,0.0,0.0,0.0,0.0,0.0,0.0,0.0,0.0,0.0,0.0,0.0,0.0,0.0,0.0,0.0,0.0,0.0,0.0,0.0,0.0,0.0,0.0,0.0,0.0,0.0,0.0,0.0,0.0,0.0,0.0,0.0,0.0,0.0,0.0,0.0,0.0,0.0,0.0,0.0,0.0,0.0,0.0,0.0,0.0,0.0,0.0,0.0,0.0,0.0,0.0,0.0,0.0,0.0,0.0,0.0,0.0,0.0,0.0,0.0,0.0,0.0,0.0,0.0,0.0,0.0,0.0,0.0,0.0,0.0,0.0,0.0,0.0,0.0,0.0,0.0,0.0,0.0,0.0,0.0,0.0,0.0,0.0,0.0,0.0,0.0,0.0,0.0,0.0,0.0,0.0,0.0,0.0,0.0,0.0,0.0,0.0,0.0,0.0,0.0,0.0,0.0,0.0,0.0,0.0,0.0,0.0,0.0,0.0,0.0,0.0,0.0,0.0,0.0,0.0,0.0,0.0,0.0,0.0,0.0,0.0,0.0,0.0,0.0,0.0,0.0,0.0,0.0,0.0,0.0,0.0,0.0,0.0,0.0,0.0,0.0,0.0,0.0,0.0,0.0,0.0,0.0,0.0,0.0,0.0,0.0,0.0,0.0,0.0,0.0,0.0,0.0,0.0,0.0,0.0,0.0,0.0,0.0,0.0,0.0,0.0,0.0,0.0,0.0,0.0,0.0,0.0,0.0,0.0,0.0,0.0,0.0,0.0,0.0,0.0,0.0,0.0,0.0,0.0,0.0,0.0,0.0,0.0,0.0,0.0,0.0,0.0,0.0,0.0,0.0,0.0,0.0,0.0,0.0,0.0,0.0,0.0,0.0,0.0,0.0,0.0,0.0,0.0,0.0,0.0,0.0,0.0,0.0,0.0,0.0,0.0,0.0,0.0,0.0,0.0,0.0,0.0,0.0,0.0,0.0,0.0,0.0,0.0,0.0,0.0,0.0,0.0,0.0,0.0,0.0,0.0,0.0,0.0,0.0,0.0,0.0,0.0,0.0,0.0,0.0,0.0,0.0,0.0,0.0,0.0,0.0,0.0,0.0,0.0,0.0,0.0,0.0,0.0,0.0,0.0,0.0,0.0,0.0,0.0,0.0,0.0,0.0,0.0,0.0,0.0,0.0,0.0,0.0,0.0,0.0,0.0,0.0,0.0,0.0,0.0,0.0,0.0,0.0,0.0,0.0,0.0,0.0,0.0,0.0,0.0,0.0,0.0,0.0,0.0,0.0,0.0,0.0,0.0,0.0,0.0,0.0,0.0,0.0,0.0,0.0,0.0,0.0,0.0,0.0,0.0,0.0,0.0,0.0,0.0,0.0,0.0,0.0,0.0,0.0,0.0,0.0,0.0,0.0,0.0,0.0,0.0,0.0,0.0,0.0,0.0,0.0,0.0,0.0,0.0,0.0,0.0,0.0,0.0,0.0,0.0,0.0,0.0,0.0,0.0,0.0,0.0,0.0,0.0,0.0,0.0,0.0,0.0,0.0,0.0,0.0,0.0,0.0,0.0,0.0,0.0,0.0,0.0,0.0,0.0,0.0,0.0,0.0,0.0,0.0,0.0,0.0,0.0,0.0,0.0,0.0,0.0,0.0,0.0,0.0,0.0,0.0,0.0,0.0,0.0,0.0,0.0,0.0
Mean_Nfpc_4_fil,0.0,0.0,0.0,0.0,0.0,0.0,0.0,0.0,0.0,0.0,0.0,0.0,0.0,0.0,0.0,0.0,0.0,0.0,0.0,0.0,0.0,0.0,0.0,0.0,0.0,0.0,0.0,0.0,0.0,0.0,0.0,0.0,0.0,0.0,0.0,0.0,0.0,0.0,0.0,0.0,0.0,0.0,0.0,0.0,0.0,0.0,0.0,0.0,0.0,0.0,0.0,0.0,0.0,0.0,0.0,0.0,0.0,0.0,0.0,0.0,0.0,0.0,0.0,0.0,0.0,0.0,0.0,0.0,0.0,0.0,0.0,0.0,0.0,0.0,0.0,0.0,0.0,0.0,0.0,0.0,0.0,0.0,0.0,0.0,0.0,0.0,0.0,0.0,0.0,0.0,0.0,0.0,0.0,0.0,0.0,0.0,0.0,0.0,0.0,0.0,0.0,0.0,0.0,0.0,0.0,0.0,0.0,0.0,0.0,0.0,0.0,0.0,0.0,0.0,0.0,0.0,0.0,0.0,0.0,0.0,0.0,0.0,0.0,0.0,0.0,0.0,0.0,0.0,0.0,0.0,0.0,0.0,0.0,0.0,0.0,0.0,0.0,0.0,0.0,0.0,0.0,0.0,0.0,0.0,0.0,0.0,0.0,0.0,0.0,0.0,0.0,0.0,0.0,0.0,0.0,0.0,0.0,0.0,0.0,0.0,0.0,0.0,0.0,0.0,0.0,0.0,0.0,0.0,0.0,0.0,0.0,0.0,0.0,0.0,0.0,0.0,0.0,0.0,0.0,0.0,0.0,0.0,0.0,0.0,0.0,0.0,0.0,0.0,0.0,0.0,0.0,0.0,0.0,0.0,0.0,0.0,0.0,0.0,0.0,0.0,0.0,0.0,0.0,0.0,0.0,0.0,0.0,0.0,0.0,0.0,0.0,0.0,0.0,0.0,0.0,0.0,0.0,0.0,0.0,0.0,0.0,0.0,0.0,0.0,0.0,0.0,0.0,0.0,0.0,0.0,0.0,0.0,0.0,0.0,0.0,0.0,0.0,0.0,0.0,0.0,0.0,0.0,0.0,0.0,0.0,0.0,0.0,0.0,0.0,0.0,0.0,0.0,0.0,0.0,0.0,0.0,0.0,0.0,0.0,0.0,0.0,0.0,0.0,0.0,0.0,0.0,0.0,0.0,0.0,0.0,0.0,0.0,0.0,0.0,0.0,0.0,0.0,0.0,0.0,0.0,0.0,0.0,0.0,0.0,0.0,0.0,0.0,0.0,0.0,0.0,0.0,0.0,0.0,0.0,0.0,0.0,0.0,0.0,0.0,0.0,0.0,0.0,0.0,0.0,0.0,0.0,0.0,0.0,0.0,0.0,0.0,0.0,0.0,0.0,0.0,0.0,0.0,0.0,0.0,0.0,0.0,0.0,0.0,0.0,0.0,0.0,0.0,0.0,0.0,0.0,0.0,0.0,0.0,0.0,0.0,0.0,0.0,0.0,0.0,0.0,0.0,0.0,0.0,0.0,0.0,0.0,0.0,0.0,0.0,0.0,0.0,0.0,0.0,0.0,0.0,0.0,0.0,0.0,0.0,0.0,0.0,0.0,0.0,0.0,0.0,0.0,0.0,0.0,0.0,0.0,0.0,0.0,0.0,0.0,0.0,0.0,0.0,0.0,0.0,0.0,0.0,0.0,0.0,0.0,0.0,0.0,0.0,0.0,0.0,0.0,0.0,0.0,0.0,0.0,0.0,0.0,0.0,0.0,0.0,0.0,0.0,0.0,0.0,0.0,0.0,0.0,0.0,0.0,0.0,0.0,0.0,0.0,0.0,0.0,0.0,0.0,0.0,0.0,0.0,0.0,0.0,0.0,0.0,0.0,0.0,0.0,0.0,0.0,0.0,0.0,0.0,0.0,0.0,0.0,0.0,0.0,0.0,0.0,0.0,0.0,0.0,0.0,0.0,0.0,0.0,0.0,0.0,0.0,0.0,0.0,0.0,0.0,0.0,0.0,0.0,0.0,0.0,0.0,0.0,0.0,0.0,0.0,0.0,0.0,0.0,0.0,0.0,0.0,0.0,0.0,0.0,0.0,0.0,0.0,0.0,0.0,0.0,0.0,0.0,0.0,0.0,0.0,0.0,0.0,0.0,0.0,0.0,0.0,0.0,0.0,0.0,0.0,0.0,0.0,0.0,0.0,0.0,0.0,0.0,0.0,0.0,0.0,0.0,0.0,0.0,0.0,0.0,0.0,0.0,0.0,0.0,0.0,0.0,0.0,0.0,0.0,0.0,0.0,0.0,0.0,0.0,0.0,0.0,0.0,0.0,0.0,0.0,0.0,0.0,0.0,0.0,0.0,0.0,0.0,0.0,0.0,0.0,0.0,0.0,0.0,0.0,0.0,0.0,0.0,0.0,0.0,0.0,0.0,0.0,0.0,0.0,0.0,0.0,0.0,0.0,0.0,0.0,0.0,0.0,0.0,0.0,0.0,0.0,0.0,0.0,0.0,0.0,0.0,0.0,0.0,0.0,0.0,0.0,0.0,0.0,0.0,0.0,0.0,0.0,0.0,0.0,0.0,0.0,0.0,0.0,0.0,0.0,0.0,0.0,0.0,0.0,0.0,0.0,0.0,0.0,0.0,0.0,0.0,0.0,0.0,0.0
Std_Nfpc_4_fil,0.0,0.0,0.0,0.0,0.0,0.0,0.0,0.0,0.0,0.0,0.0,0.0,0.0,0.0,0.0,0.0,0.0,0.0,0.0,0.0,0.0,0.0,0.0,0.0,0.0,0.0,0.0,0.0,0.0,0.0,0.0,0.0,0.0,0.0,0.0,0.0,0.0,0.0,0.0,0.0,0.0,0.0,0.0,0.0,0.0,0.0,0.0,0.0,0.0,0.0,0.0,0.0,0.0,0.0,0.0,0.0,0.0,0.0,0.0,0.0,0.0,0.0,0.0,0.0,0.0,0.0,0.0,0.0,0.0,0.0,0.0,0.0,0.0,0.0,0.0,0.0,0.0,0.0,0.0,0.0,0.0,0.0,0.0,0.0,0.0,0.0,0.0,0.0,0.0,0.0,0.0,0.0,0.0,0.0,0.0,0.0,0.0,0.0,0.0,0.0,0.0,0.0,0.0,0.0,0.0,0.0,0.0,0.0,0.0,0.0,0.0,0.0,0.0,0.0,0.0,0.0,0.0,0.0,0.0,0.0,0.0,0.0,0.0,0.0,0.0,0.0,0.0,0.0,0.0,0.0,0.0,0.0,0.0,0.0,0.0,0.0,0.0,0.0,0.0,0.0,0.0,0.0,0.0,0.0,0.0,0.0,0.0,0.0,0.0,0.0,0.0,0.0,0.0,0.0,0.0,0.0,0.0,0.0,0.0,0.0,0.0,0.0,0.0,0.0,0.0,0.0,0.0,0.0,0.0,0.0,0.0,0.0,0.0,0.0,0.0,0.0,0.0,0.0,0.0,0.0,0.0,0.0,0.0,0.0,0.0,0.0,0.0,0.0,0.0,0.0,0.0,0.0,0.0,0.0,0.0,0.0,0.0,0.0,0.0,0.0,0.0,0.0,0.0,0.0,0.0,0.0,0.0,0.0,0.0,0.0,0.0,0.0,0.0,0.0,0.0,0.0,0.0,0.0,0.0,0.0,0.0,0.0,0.0,0.0,0.0,0.0,0.0,0.0,0.0,0.0,0.0,0.0,0.0,0.0,0.0,0.0,0.0,0.0,0.0,0.0,0.0,0.0,0.0,0.0,0.0,0.0,0.0,0.0,0.0,0.0,0.0,0.0,0.0,0.0,0.0,0.0,0.0,0.0,0.0,0.0,0.0,0.0,0.0,0.0,0.0,0.0,0.0,0.0,0.0,0.0,0.0,0.0,0.0,0.0,0.0,0.0,0.0,0.0,0.0,0.0,0.0,0.0,0.0,0.0,0.0,0.0,0.0,0.0,0.0,0.0,0.0,0.0,0.0,0.0,0.0,0.0,0.0,0.0,0.0,0.0,0.0,0.0,0.0,0.0,0.0,0.0,0.0,0.0,0.0,0.0,0.0,0.0,0.0,0.0,0.0,0.0,0.0,0.0,0.0,0.0,0.0,0.0,0.0,0.0,0.0,0.0,0.0,0.0,0.0,0.0,0.0,0.0,0.0,0.0,0.0,0.0,0.0,0.0,0.0,0.0,0.0,0.0,0.0,0.0,0.0,0.0,0.0,0.0,0.0,0.0,0.0,0.0,0.0,0.0,0.0,0.0,0.0,0.0,0.0,0.0,0.0,0.0,0.0,0.0,0.0,0.0,0.0,0.0,0.0,0.0,0.0,0.0,0.0,0.0,0.0,0.0,0.0,0.0,0.0,0.0,0.0,0.0,0.0,0.0,0.0,0.0,0.0,0.0,0.0,0.0,0.0,0.0,0.0,0.0,0.0,0.0,0.0,0.0,0.0,0.0,0.0,0.0,0.0,0.0,0.0,0.0,0.0,0.0,0.0,0.0,0.0,0.0,0.0,0.0,0.0,0.0,0.0,0.0,0.0,0.0,0.0,0.0,0.0,0.0,0.0,0.0,0.0,0.0,0.0,0.0,0.0,0.0,0.0,0.0,0.0,0.0,0.0,0.0,0.0,0.0,0.0,0.0,0.0,0.0,0.0,0.0,0.0,0.0,0.0,0.0,0.0,0.0,0.0,0.0,0.0,0.0,0.0,0.0,0.0,0.0,0.0,0.0,0.0,0.0,0.0,0.0,0.0,0.0,0.0,0.0,0.0,0.0,0.0,0.0,0.0,0.0,0.0,0.0,0.0,0.0,0.0,0.0,0.0,0.0,0.0,0.0,0.0,0.0,0.0,0.0,0.0,0.0,0.0,0.0,0.0,0.0,0.0,0.0,0.0,0.0,0.0,0.0,0.0,0.0,0.0,0.0,0.0,0.0,0.0,0.0,0.0,0.0,0.0,0.0,0.0,0.0,0.0,0.0,0.0,0.0,0.0,0.0,0.0,0.0,0.0,0.0,0.0,0.0,0.0,0.0,0.0,0.0,0.0,0.0,0.0,0.0,0.0,0.0,0.0,0.0,0.0,0.0,0.0,0.0,0.0,0.0,0.0,0.0,0.0,0.0,0.0,0.0,0.0,0.0,0.0,0.0,0.0,0.0,0.0,0.0,0.0,0.0,0.0,0.0,0.0,0.0,0.0,0.0,0.0,0.0,0.0,0.0,0.0,0.0,0.0,0.0,0.0,0.0,0.0,0.0,0.0,0.0,0.0,0.0,0.0,0.0,0.0,0.0,0.0,0.0,0.0,0.0,0.0,0.0,0.0,0.0,0.0,0.0,0.0,0.0,0.0
Bar_Mean_Nfpc,48.58064516129032,4.032258064516129,0.2903225806451613,0.0,0.0,0.0,0.0,0.0,0.0,0.0,0.0,0.0,0.0,0.0,0.0,0.0,0.0,0.0,0.0,0.0,0.0,0.0,0.0,0.0,0.0,0.0,0.0,0.0,0.0,0.0,0.0,0.0,0.0,0.0,0.0,0.0,0.0,0.0,0.0,0.0,0.0,0.0,0.0,0.0,0.0,0.0,0.0,0.0,0.0,0.0,0.0,0.0,0.0,0.0,0.0,0.0,0.0,0.0,0.0,0.0,0.0,0.0,0.0,0.0,0.0,0.0,0.0,0.0,0.0,0.0,0.0,0.0,0.0,0.0,0.0,0.0,0.0,0.0,0.0,0.0,0.0,0.0,0.0,0.0,0.0,0.0,0.0,0.0,0.0,0.0,0.0,0.0,0.0,0.0,0.0,0.0,0.0,0.0,0.0,0.0,0.0,0.0,0.0,0.0,0.0,0.0,0.0,0.0,0.0,0.0,0.0,0.0,0.0,0.0,0.0,0.0,0.0,0.0,0.0,0.0,0.0,0.0,0.0,0.0,0.0,0.0,0.0,0.0,0.0,0.0,0.0,0.0,0.0,0.0,0.0,0.0,0.0,0.0,0.0,0.0,0.0,0.0,0.0,0.0,0.0,0.0,0.0,0.0,0.0,0.0,0.0,0.0,0.0,0.0,0.0,0.0,0.0,0.0,0.0,0.0,0.0,0.0,0.0,0.0,0.0,0.0,0.0,0.0,0.0,0.0,0.0,0.0,0.0,0.0,0.0,0.0,0.0,0.0,0.0,0.0,0.0,0.0,0.0,0.0,0.0,0.0,0.0,0.0,0.0,0.0,0.0,0.0,0.0,0.0,0.0,0.0,0.0,0.0,0.0,0.0,0.0,0.0,0.0,0.0,0.0,0.0,0.0,0.0,0.0,0.0,0.0,0.0,0.0,0.0,0.0,0.0,0.0,0.0,0.0,0.0,0.0,0.0,0.0,0.0,0.0,0.0,0.0,0.0,0.0,0.0,0.0,0.0,0.0,0.0,0.0,0.0,0.0,0.0,0.0,0.0,0.0,0.0,0.0,0.0,0.0,0.0,0.0,0.0,0.0,0.0,0.0,0.0,0.0,0.0,0.0,0.0,0.0,0.0,0.0,0.0,0.0,0.0,0.0,0.0,0.0,0.0,0.0,0.0,0.0,0.0,0.0,0.0,0.0,0.0,0.0,0.0,0.0,0.0,0.0,0.0,0.0,0.0,0.0,0.0,0.0,0.0,0.0,0.0,0.0,0.0,0.0,0.0,0.0,0.0,0.0,0.0,0.0,0.0,0.0,0.0,0.0,0.0,0.0,0.0,0.0,0.0,0.0,0.0,0.0,0.0,0.0,0.0,0.0,0.0,0.0,0.0,0.0,0.0,0.0,0.0,0.0,0.0,0.0,0.0,0.0,0.0,0.0,0.0,0.0,0.0,0.0,0.0,0.0,0.0,0.0,0.0,0.0,0.0,0.0,0.0,0.0,0.0,0.0,0.0,0.0,0.0,0.0,0.0,0.0,0.0,0.0,0.0,0.0,0.0,0.0,0.0,0.0,0.0,0.0,0.0,0.0,0.0,0.0,0.0,0.0,0.0,0.0,0.0,0.0,0.0,0.0,0.0,0.0,0.0,0.0,0.0,0.0,0.0,0.0,0.0,0.0,0.0,0.0,0.0,0.0,0.0,0.0,0.0,0.0,0.0,0.0,0.0,0.0,0.0,0.0,0.0,0.0,0.0,0.0,0.0,0.0,0.0,0.0,0.0,0.0,0.0,0.0,0.0,0.0,0.0,0.0,0.0,0.0,0.0,0.0,0.0,0.0,0.0,0.0,0.0,0.0,0.0,0.0,0.0,0.0,0.0,0.0,0.0,0.0,0.0,0.0,0.0,0.0,0.0,0.0,0.0,0.0,0.0,0.0,0.0,0.0,0.0,0.0,0.0,0.0,0.0,0.0,0.0,0.0,0.0,0.0,0.0,0.0,0.0,0.0,0.0,0.0,0.0,0.0,0.0,0.0,0.0,0.0,0.0,0.0,0.0,0.0,0.0,0.0,0.0,0.0,0.0,0.0,0.0,0.0,0.0,0.0,0.0,0.0,0.0,0.0,0.0,0.0,0.0,0.0,0.0,0.0,0.0,0.0,0.0,0.0,0.0,0.0,0.0,0.0,0.0,0.0,0.0,0.0,0.0,0.0,0.0,0.0,0.0,0.0,0.0,0.0,0.0,0.0,0.0,0.0,0.0,0.0,0.0,0.0,0.0,0.0,0.0,0.0,0.0,0.0,0.0,0.0,0.0,0.0,0.0,0.0,0.0,0.0,0.0,0.0,0.0,0.0,0.0,0.0,0.0,0.0,0.0,0.0,0.0,0.0,0.0,0.0,0.0,0.0,0.0,0.0,0.0,0.0,0.0,0.0,0.0,0.0,0.0,0.0,0.0,0.0,0.0,0.0,0.0,0.0,0.0,0.0,0.0,0.0,0.0,0.0,0.0,0.0,0.0,0.0,0.0,0.0,0.0,0.0,0.0,0.0,0.0,0.0,0.0,0.0,0.0,0.0,0.0,0.0,0.0,0.0,0.0,0.0,0.0,0.0,0.0,0.0,0.0,0.0,0.0,0.0,0.0,0.0,0.0,0.0
Bar_Std_Nfpc,7.187687472106042,2.2358352840210913,0.45391120256355777,0.0,0.0,0.0,0.0,0.0,0.0,0.0,0.0,0.0,0.0,0.0,0.0,0.0,0.0,0.0,0.0,0.0,0.0,0.0,0.0,0.0,0.0,0.0,0.0,0.0,0.0,0.0,0.0,0.0,0.0,0.0,0.0,0.0,0.0,0.0,0.0,0.0,0.0,0.0,0.0,0.0,0.0,0.0,0.0,0.0,0.0,0.0,0.0,0.0,0.0,0.0,0.0,0.0,0.0,0.0,0.0,0.0,0.0,0.0,0.0,0.0,0.0,0.0,0.0,0.0,0.0,0.0,0.0,0.0,0.0,0.0,0.0,0.0,0.0,0.0,0.0,0.0,0.0,0.0,0.0,0.0,0.0,0.0,0.0,0.0,0.0,0.0,0.0,0.0,0.0,0.0,0.0,0.0,0.0,0.0,0.0,0.0,0.0,0.0,0.0,0.0,0.0,0.0,0.0,0.0,0.0,0.0,0.0,0.0,0.0,0.0,0.0,0.0,0.0,0.0,0.0,0.0,0.0,0.0,0.0,0.0,0.0,0.0,0.0,0.0,0.0,0.0,0.0,0.0,0.0,0.0,0.0,0.0,0.0,0.0,0.0,0.0,0.0,0.0,0.0,0.0,0.0,0.0,0.0,0.0,0.0,0.0,0.0,0.0,0.0,0.0,0.0,0.0,0.0,0.0,0.0,0.0,0.0,0.0,0.0,0.0,0.0,0.0,0.0,0.0,0.0,0.0,0.0,0.0,0.0,0.0,0.0,0.0,0.0,0.0,0.0,0.0,0.0,0.0,0.0,0.0,0.0,0.0,0.0,0.0,0.0,0.0,0.0,0.0,0.0,0.0,0.0,0.0,0.0,0.0,0.0,0.0,0.0,0.0,0.0,0.0,0.0,0.0,0.0,0.0,0.0,0.0,0.0,0.0,0.0,0.0,0.0,0.0,0.0,0.0,0.0,0.0,0.0,0.0,0.0,0.0,0.0,0.0,0.0,0.0,0.0,0.0,0.0,0.0,0.0,0.0,0.0,0.0,0.0,0.0,0.0,0.0,0.0,0.0,0.0,0.0,0.0,0.0,0.0,0.0,0.0,0.0,0.0,0.0,0.0,0.0,0.0,0.0,0.0,0.0,0.0,0.0,0.0,0.0,0.0,0.0,0.0,0.0,0.0,0.0,0.0,0.0,0.0,0.0,0.0,0.0,0.0,0.0,0.0,0.0,0.0,0.0,0.0,0.0,0.0,0.0,0.0,0.0,0.0,0.0,0.0,0.0,0.0,0.0,0.0,0.0,0.0,0.0,0.0,0.0,0.0,0.0,0.0,0.0,0.0,0.0,0.0,0.0,0.0,0.0,0.0,0.0,0.0,0.0,0.0,0.0,0.0,0.0,0.0,0.0,0.0,0.0,0.0,0.0,0.0,0.0,0.0,0.0,0.0,0.0,0.0,0.0,0.0,0.0,0.0,0.0,0.0,0.0,0.0,0.0,0.0,0.0,0.0,0.0,0.0,0.0,0.0,0.0,0.0,0.0,0.0,0.0,0.0,0.0,0.0,0.0,0.0,0.0,0.0,0.0,0.0,0.0,0.0,0.0,0.0,0.0,0.0,0.0,0.0,0.0,0.0,0.0,0.0,0.0,0.0,0.0,0.0,0.0,0.0,0.0,0.0,0.0,0.0,0.0,0.0,0.0,0.0,0.0,0.0,0.0,0.0,0.0,0.0,0.0,0.0,0.0,0.0,0.0,0.0,0.0,0.0,0.0,0.0,0.0,0.0,0.0,0.0,0.0,0.0,0.0,0.0,0.0,0.0,0.0,0.0,0.0,0.0,0.0,0.0,0.0,0.0,0.0,0.0,0.0,0.0,0.0,0.0,0.0,0.0,0.0,0.0,0.0,0.0,0.0,0.0,0.0,0.0,0.0,0.0,0.0,0.0,0.0,0.0,0.0,0.0,0.0,0.0,0.0,0.0,0.0,0.0,0.0,0.0,0.0,0.0,0.0,0.0,0.0,0.0,0.0,0.0,0.0,0.0,0.0,0.0,0.0,0.0,0.0,0.0,0.0,0.0,0.0,0.0,0.0,0.0,0.0,0.0,0.0,0.0,0.0,0.0,0.0,0.0,0.0,0.0,0.0,0.0,0.0,0.0,0.0,0.0,0.0,0.0,0.0,0.0,0.0,0.0,0.0,0.0,0.0,0.0,0.0,0.0,0.0,0.0,0.0,0.0,0.0,0.0,0.0,0.0,0.0,0.0,0.0,0.0,0.0,0.0,0.0,0.0,0.0,0.0,0.0,0.0,0.0,0.0,0.0,0.0,0.0,0.0,0.0,0.0,0.0,0.0,0.0,0.0,0.0,0.0,0.0,0.0,0.0,0.0,0.0,0.0,0.0,0.0,0.0,0.0,0.0,0.0,0.0,0.0,0.0,0.0,0.0,0.0,0.0,0.0,0.0,0.0,0.0,0.0,0.0,0.0,0.0,0.0,0.0,0.0,0.0,0.0,0.0,0.0,0.0,0.0,0.0,0.0,0.0,0.0,0.0,0.0,0.0,0.0,0.0,0.0,0.0,0.0,0.0,0.0,0.0,0.0,0.0,0.0,0.0,0.0,0.0,0.0,0.0,0.0,0.0,0.0,0.0,0.0,0.0,0.0
