,0,1,2,3,4,5,6,7,8,9,10,11,12,13,14,15,16,17,18,19,20,21,22,23,24,25,26,27,28,29,30,31,32,33,34,35,36,37,38,39,40,41,42,43,44,45,46,47,48,49,50,51,52,53,54,55,56,57,58,59,60,61,62,63,64,65,66,67,68,69,70,71,72,73,74,75,76,77,78,79,80,81,82,83,84,85,86,87,88,89,90,91,92,93,94,95,96,97,98,99,100,101,102,103,104,105,106,107,108,109,110,111,112,113,114,115,116,117,118,119,120,121,122,123,124,125,126,127,128,129,130,131,132,133,134,135,136,137,138,139,140,141,142,143,144,145,146,147,148,149,150,151,152,153,154,155,156,157,158,159,160,161,162,163,164,165,166,167,168,169,170,171,172,173,174,175,176,177,178,179,180,181,182,183,184,185,186,187,188,189,190,191,192,193,194,195,196,197,198,199,200,201,202,203,204,205,206,207,208,209,210,211,212,213,214,215,216,217,218,219,220,221,222,223,224,225,226,227,228,229,230,231,232,233,234,235,236,237,238,239,240,241,242,243,244,245,246,247,248,249,250,251,252,253,254,255,256,257,258,259,260,261,262,263,264,265,266,267,268,269,270,271,272,273,274,275,276,277,278,279,280,281,282,283,284,285,286,287,288,289,290,291,292,293,294,295,296,297,298,299,300,301,302,303,304,305,306,307,308,309,310,311,312,313,314,315,316,317,318,319,320,321,322,323,324,325,326,327,328,329,330,331,332,333,334,335,336,337,338,339,340,341,342,343,344,345,346,347,348,349,350,351,352,353,354,355,356,357,358,359,360,361,362,363,364,365,366,367,368,369,370,371,372,373,374,375,376,377,378,379,380,381,382,383,384,385,386,387,388,389,390,391,392,393,394,395,396,397,398,399,400,401,402,403,404,405,406,407,408,409,410,411,412,413,414,415,416,417,418,419,420,421,422,423,424,425,426,427,428,429,430,431,432,433,434,435,436,437,438,439,440,441,442,443,444,445,446,447,448,449,450,451,452,453,454,455,456,457,458,459,460,461,462,463,464,465,466,467,468,469,470,471,472,473,474,475,476,477,478,479,480,481,482,483,484,485,486,487,488,489,490,491,492,493,494,495,496,497,498,499,500,501,502,503,504,505,506,507,508,509,510,511,512,513,514,515,516,517,518,519,520,521,522,523,524,525,526,527,528,529,530,531,532,533,534,535,536,537,538,539,540,541,542,543,544,545,546,547,548,549,550,551,552,553,554,555,556,557,558,559,560,561,562,563,564,565,566,567,568,569,570,571,572,573,574,575,576,577,578,579,580,581,582,583,584,585,586,587,588,589,590,591,592,593,594,595,596,597,598,599,600
Time,0.0,1.0,2.0,3.0,4.0,5.0,6.0,7.0,8.0,9.0,10.0,11.0,12.0,13.0,14.0,15.0,16.0,17.0,18.0,19.0,20.0,21.0,22.0,23.0,24.0,25.0,26.0,27.0,28.0,29.0,30.0,31.0,32.0,33.0,34.0,35.0,36.0,37.0,38.0,39.0,40.0,41.0,42.0,43.0,44.0,45.0,46.0,47.0,48.0,49.0,50.0,51.0,52.0,53.0,54.0,55.0,56.0,57.0,58.0,59.0,60.0,61.0,62.0,63.0,64.0,65.0,66.0,67.0,68.0,69.0,70.0,71.0,72.0,73.0,74.0,75.0,76.0,77.0,78.0,79.0,80.0,81.0,82.0,83.0,84.0,85.0,86.0,87.0,88.0,89.0,90.0,91.0,92.0,93.0,94.0,95.0,96.0,97.0,98.0,99.0,100.0,101.0,102.0,103.0,104.0,105.0,106.0,107.0,108.0,109.0,110.0,111.0,112.0,113.0,114.0,115.0,116.0,117.0,118.0,119.0,120.0,121.0,122.0,123.0,124.0,125.0,126.0,127.0,128.0,129.0,130.0,131.0,132.0,133.0,134.0,135.0,136.0,137.0,138.0,139.0,140.0,141.0,142.0,143.0,144.0,145.0,146.0,147.0,148.0,149.0,150.0,151.0,152.0,153.0,154.0,155.0,156.0,157.0,158.0,159.0,160.0,161.0,162.0,163.0,164.0,165.0,166.0,167.0,168.0,169.0,170.0,171.0,172.0,173.0,174.0,175.0,176.0,177.0,178.0,179.0,180.0,181.0,182.0,183.0,184.0,185.0,186.0,187.0,188.0,189.0,190.0,191.0,192.0,193.0,194.0,195.0,196.0,197.0,198.0,199.0,200.0,201.0,202.0,203.0,204.0,205.0,206.0,207.0,208.0,209.0,210.0,211.0,212.0,213.0,214.0,215.0,216.0,217.0,218.0,219.0,220.0,221.0,222.0,223.0,224.0,225.0,226.0,227.0,228.0,229.0,230.0,231.0,232.0,233.0,234.0,235.0,236.0,237.0,238.0,239.0,240.0,241.0,242.0,243.0,244.0,245.0,246.0,247.0,248.0,249.0,250.0,251.0,252.0,253.0,254.0,255.0,256.0,257.0,258.0,259.0,260.0,261.0,262.0,263.0,264.0,265.0,266.0,267.0,268.0,269.0,270.0,271.0,272.0,273.0,274.0,275.0,276.0,277.0,278.0,279.0,280.0,281.0,282.0,283.0,284.0,285.0,286.0,287.0,288.0,289.0,290.0,291.0,292.0,293.0,294.0,295.0,296.0,297.0,298.0,299.0,300.0,301.0,302.0,303.0,304.0,305.0,306.0,307.0,308.0,309.0,310.0,311.0,312.0,313.0,314.0,315.0,316.0,317.0,318.0,319.0,320.0,321.0,322.0,323.0,324.0,325.0,326.0,327.0,328.0,329.0,330.0,331.0,332.0,333.0,334.0,335.0,336.0,337.0,338.0,339.0,340.0,341.0,342.0,343.0,344.0,345.0,346.0,347.0,348.0,349.0,350.0,351.0,352.0,353.0,354.0,355.0,356.0,357.0,358.0,359.0,360.0,361.0,362.0,363.0,364.0,365.0,366.0,367.0,368.0,369.0,370.0,371.0,372.0,373.0,374.0,375.0,376.0,377.0,378.0,379.0,380.0,381.0,382.0,383.0,384.0,385.0,386.0,387.0,388.0,389.0,390.0,391.0,392.0,393.0,394.0,395.0,396.0,397.0,398.0,399.0,400.0,401.0,402.0,403.0,404.0,405.0,406.0,407.0,408.0,409.0,410.0,411.0,412.0,413.0,414.0,415.0,416.0,417.0,418.0,419.0,420.0,421.0,422.0,423.0,424.0,425.0,426.0,427.0,428.0,429.0,430.0,431.0,432.0,433.0,434.0,435.0,436.0,437.0,438.0,439.0,440.0,441.0,442.0,443.0,444.0,445.0,446.0,447.0,448.0,449.0,450.0,451.0,452.0,453.0,454.0,455.0,456.0,457.0,458.0,459.0,460.0,461.0,462.0,463.0,464.0,465.0,466.0,467.0,468.0,469.0,470.0,471.0,472.0,473.0,474.0,475.0,476.0,477.0,478.0,479.0,480.0,481.0,482.0,483.0,484.0,485.0,486.0,487.0,488.0,489.0,490.0,491.0,492.0,493.0,494.0,495.0,496.0,497.0,498.0,499.0,500.0,501.0,502.0,503.0,504.0,505.0,506.0,507.0,508.0,509.0,510.0,511.0,512.0,513.0,514.0,515.0,516.0,517.0,518.0,519.0,520.0,521.0,522.0,523.0,524.0,525.0,526.0,527.0,528.0,529.0,530.0,531.0,532.0,533.0,534.0,535.0,536.0,537.0,538.0,539.0,540.0,541.0,542.0,543.0,544.0,545.0,546.0,547.0,548.0,549.0,550.0,551.0,552.0,553.0,554.0,555.0,556.0,557.0,558.0,559.0,560.0,561.0,562.0,563.0,564.0,565.0,566.0,567.0,568.0,569.0,570.0,571.0,572.0,573.0,574.0,575.0,576.0,577.0,578.0,579.0,580.0,581.0,582.0,583.0,584.0,585.0,586.0,587.0,588.0,589.0,590.0,591.0,592.0,593.0,594.0,595.0,596.0,597.0,598.0,599.0,600.0
a1,0.25,0.246249,0.246131,0.24661,0.244687,0.243294,0.244146,0.245022,0.244832,0.246847,0.248668,0.250617,0.249813,0.250284,0.249018,0.247864,0.246763,0.247426,0.250933,0.249944,0.247348,0.250063,0.250168,0.250978,0.252887,0.253962,0.253364,0.251761,0.250569,0.25149,0.250683,0.248088,0.247647,0.249667,0.252006,0.252625,0.252143,0.25513,0.255799,0.254886,0.254964,0.256257,0.256879,0.258652,0.25897,0.255623,0.253789,0.252876,0.252894,0.254176,0.250482,0.248025,0.247207,0.2471,0.248612,0.251402,0.254558,0.252636,0.254303,0.254533,0.252682,0.250337,0.246232,0.249001,0.24998,0.24951,0.248111,0.247896,0.24776,0.250761,0.247923,0.247153,0.247911,0.248938,0.246083,0.244403,0.246202,0.249169,0.251807,0.252328,0.252432,0.254291,0.256212,0.258267,0.257465,0.258219,0.254855,0.254849,0.254221,0.253581,0.251447,0.251563,0.25405,0.253566,0.255881,0.255234,0.25401,0.256075,0.25409,0.2541,0.253136,0.250745,0.250878,0.250924,0.249965,0.252519,0.250726,0.250872,0.251376,0.248471,0.2466,0.249667,0.250443,0.252575,0.253263,0.251276,0.252851,0.255414,0.256897,0.256424,0.256186,0.256136,0.253068,0.250967,0.252046,0.25344,0.256648,0.254448,0.25272,0.252151,0.250839,0.251693,0.249981,0.252921,0.248634,0.246434,0.246,0.245986,0.244571,0.245721,0.247248,0.245504,0.243721,0.24351,0.242372,0.24415,0.239451,0.236322,0.237417,0.240673,0.249256,0.250512,0.249053,0.246546,0.245255,0.246631,0.237248,0.230877,0.229741,0.228358,0.219176,0.208281,0.20014,0.192798,0.185137,0.185507,0.182994,0.178752,0.176053,0.177599,0.17658,0.177414,0.17352,0.172262,0.174266,0.171749,0.172122,0.173061,0.173745,0.174845,0.175398,0.174144,0.175719,0.178297,0.180584,0.183529,0.186915,0.18843,0.189601,0.187298,0.189798,0.192428,0.190756,0.189392,0.189174,0.19208,0.194355,0.195182,0.195534,0.195734,0.19484,0.194408,0.194269,0.194901,0.196299,0.193893,0.189896,0.187016,0.186426,0.188326,0.188925,0.186432,0.183749,0.183049,0.185859,0.18406,0.184912,0.187065,0.187676,0.186926,0.186963,0.184433,0.180363,0.18086,0.180682,0.18173,0.182682,0.181034,0.177891,0.177791,0.177678,0.174571,0.17487,0.175509,0.179314,0.181134,0.180806,0.180791,0.18124,0.178896,0.17729,0.1745,0.178453,0.181292,0.175977,0.173682,0.174818,0.179126,0.178115,0.176152,0.17468,0.173153,0.17197,0.174367,0.174606,0.172806,0.175435,0.17509,0.172995,0.17063,0.172385,0.173383,0.17405,0.172901,0.17178,0.170661,0.173773,0.174234,0.171842,0.172722,0.174535,0.17561,0.171776,0.170021,0.169012,0.171469,0.17085,0.169284,0.168965,0.168218,0.166934,0.168606,0.170105,0.169504,0.17008,0.166559,0.165003,0.159961,0.163037,0.163887,0.167354,0.167821,0.165559,0.163283,0.16395,0.16326,0.160023,0.158948,0.160992,0.160765,0.158558,0.160969,0.161316,0.159079,0.156937,0.15621,0.155458,0.154403,0.158312,0.158413,0.156956,0.158081,0.156766,0.160119,0.160718,0.159907,0.162383,0.158978,0.158337,0.158862,0.159756,0.160215,0.160604,0.155298,0.155393,0.155351,0.1589,0.159599,0.16151,0.158737,0.152046,0.151968,0.152234,0.155583,0.15698,0.153096,0.151269,0.152024,0.150009,0.155498,0.156721,0.153082,0.151621,0.154329,0.152647,0.151191,0.150137,0.151336,0.15174,0.15578,0.152553,0.152062,0.153695,0.155287,0.154769,0.148872,0.150755,0.148357,0.145617,0.148866,0.155692,0.151044,0.150532,0.152917,0.147991,0.150575,0.149732,0.149238,0.151133,0.145609,0.146159,0.14399,0.145162,0.144554,0.146788,0.146721,0.149173,0.147688,0.143653,0.137883,0.14385,0.145258,0.145411,0.144364,0.142718,0.145321,0.146419,0.146139,0.145788,0.144683,0.142278,0.142314,0.143344,0.141706,0.140442,0.140189,0.142039,0.146631,0.145825,0.14462,0.140503,0.145024,0.144114,0.146939,0.146603,0.145277,0.146361,0.143621,0.143456,0.142271,0.142186,0.143125,0.142561,0.14341,0.142045,0.145884,0.149007,0.146081,0.141308,0.143592,0.14591,0.14593,0.1453,0.142691,0.145992,0.142566,0.141299,0.139515,0.13992,0.139258,0.139334,0.140664,0.140224,0.147414,0.14532,0.141925,0.135765,0.136176,0.136664,0.135393,0.137327,0.134585,0.139546,0.136349,0.136071,0.137044,0.134155,0.133595,0.136845,0.1373,0.137849,0.136382,0.136716,0.137978,0.138375,0.135997,0.134419,0.135955,0.135819,0.136287,0.140306,0.141566,0.139293,0.144771,0.140058,0.139182,0.133173,0.133169,0.13584,0.135975,0.137941,0.134527,0.1321,0.129791,0.130117,0.129369,0.129992,0.133997,0.135651,0.135284,0.133536,0.136699,0.132477,0.129571,0.129542,0.131644,0.130892,0.134821,0.133193,0.134628,0.137179,0.139908,0.135247,0.132631,0.134005,0.131942,0.129459,0.129785,0.129109,0.130719,0.125715,0.127874,0.129664,0.132951,0.129739,0.128772,0.127836,0.132524,0.127822,0.130932,0.126635,0.127513,0.129442,0.129884,0.125262,0.127798,0.133722,0.126231,0.126371,0.131639,0.131943,0.126377,0.130401,0.128335,0.129139,0.13083,0.129419,0.126771,0.12531,0.125748,0.131605,0.134558,0.137112,0.132425,0.127641,0.131541,0.134416,0.122812,0.126354,0.128293,0.125423,0.12534,0.130123,0.134057,0.131754,0.125215,0.12889,0.132897,0.127934,0.12497,0.125128,0.127555,0.126567,0.131335,0.12917,0.126906,0.128137,0.127705,0.120981,0.119923,0.12088,0.123513,0.123144,0.125064,0.126613,0.125283,0.125175,0.125161,0.128237,0.124698,0.125055,0.129376,0.12917,0.124628,0.121181,0.118424,0.119557,0.121732,0.119304,0.122181,0.125263,0.122995,0.127949,0.124357,0.12608,0.123743,0.121037,0.119968,0.115276,0.120432,0.124394,0.122389,0.1229,0.118216,0.1253,0.122478,0.120812,0.119789,0.120125,0.126088,0.11847
a2,0.25,0.248273,0.249227,0.246238,0.244598,0.248188,0.249336,0.249066,0.248849,0.250861,0.251485,0.249163,0.250029,0.251332,0.253665,0.251612,0.250562,0.250618,0.247807,0.249085,0.253484,0.252185,0.251831,0.248507,0.246346,0.244438,0.246178,0.245568,0.249215,0.248642,0.24649,0.247647,0.247436,0.246532,0.246515,0.244373,0.245671,0.243915,0.244758,0.246729,0.248873,0.248176,0.244544,0.241512,0.240711,0.238946,0.242224,0.246092,0.248664,0.247641,0.247235,0.248472,0.249602,0.247956,0.246635,0.245814,0.243982,0.245615,0.243815,0.244922,0.247983,0.252628,0.254667,0.253882,0.252184,0.252604,0.253476,0.249837,0.251029,0.250385,0.250512,0.253307,0.251592,0.250459,0.252276,0.254447,0.251439,0.249926,0.248882,0.247621,0.247653,0.245938,0.246107,0.245368,0.244095,0.242726,0.246507,0.248757,0.25043,0.248991,0.250072,0.248546,0.246978,0.246762,0.246518,0.246289,0.248467,0.247268,0.248187,0.247103,0.247807,0.248664,0.249734,0.250346,0.250826,0.247925,0.248264,0.246784,0.245508,0.247874,0.248932,0.247711,0.246521,0.247779,0.248247,0.249659,0.247985,0.248184,0.247429,0.249077,0.250215,0.248619,0.250574,0.252419,0.251523,0.250987,0.251569,0.250813,0.250912,0.252402,0.255469,0.255171,0.255239,0.254136,0.255568,0.258876,0.252562,0.250344,0.252406,0.253355,0.25248,0.254106,0.258132,0.26069,0.261651,0.257863,0.262117,0.266012,0.270086,0.265789,0.260153,0.258561,0.256967,0.258311,0.257947,0.257136,0.268173,0.271592,0.270776,0.271484,0.273309,0.279839,0.285905,0.29284,0.301004,0.300632,0.302445,0.302177,0.308703,0.312647,0.318582,0.321991,0.323104,0.321761,0.322866,0.326756,0.332173,0.334636,0.338961,0.344617,0.350463,0.356933,0.35871,0.362742,0.368407,0.374769,0.38262,0.385952,0.390801,0.399851,0.401858,0.405523,0.406826,0.407489,0.408191,0.40773,0.409335,0.410678,0.41458,0.417523,0.421638,0.423077,0.42518,0.427311,0.430733,0.433279,0.435762,0.436458,0.438703,0.441704,0.442766,0.442672,0.44349,0.447328,0.449539,0.450026,0.448103,0.450864,0.453669,0.456904,0.459444,0.461192,0.461351,0.463728,0.465048,0.465451,0.468489,0.46641,0.472032,0.474631,0.481894,0.481787,0.484482,0.48662,0.491752,0.496329,0.498824,0.50282,0.499678,0.500792,0.501697,0.506076,0.505063,0.506558,0.509257,0.511116,0.511994,0.512032,0.510292,0.512532,0.516994,0.518049,0.521623,0.522013,0.52565,0.524071,0.5246,0.521985,0.527699,0.52604,0.523716,0.5248,0.529709,0.533253,0.537953,0.539205,0.542079,0.545257,0.544976,0.548254,0.547989,0.549072,0.548997,0.552725,0.555185,0.556343,0.556704,0.558244,0.559573,0.557378,0.558732,0.56052,0.560909,0.564202,0.570276,0.576158,0.578555,0.582792,0.584135,0.581374,0.580528,0.579969,0.580097,0.579232,0.585756,0.587503,0.593865,0.600464,0.604164,0.604216,0.604127,0.607866,0.607846,0.608617,0.613158,0.611299,0.608714,0.607692,0.605848,0.609605,0.613783,0.613988,0.613715,0.612672,0.617562,0.617618,0.622489,0.624174,0.63506,0.636333,0.636828,0.634924,0.638052,0.639621,0.637111,0.639341,0.640018,0.640573,0.645064,0.649662,0.652317,0.654318,0.654541,0.654571,0.655714,0.658437,0.659161,0.660832,0.667625,0.669038,0.669824,0.668994,0.668205,0.667584,0.666634,0.669613,0.671921,0.670826,0.672798,0.674016,0.671687,0.670479,0.673617,0.675345,0.677747,0.679468,0.683504,0.691663,0.694038,0.691813,0.69016,0.690496,0.693377,0.691923,0.690979,0.697293,0.699185,0.701372,0.704076,0.707592,0.709896,0.712336,0.713426,0.715982,0.716603,0.719735,0.720193,0.727408,0.730478,0.730441,0.735728,0.736053,0.735387,0.736142,0.73527,0.736551,0.737387,0.734933,0.732197,0.733315,0.734931,0.73537,0.737424,0.74157,0.740859,0.739694,0.741352,0.744999,0.750621,0.752192,0.749289,0.752252,0.759183,0.759529,0.758749,0.756475,0.754761,0.755919,0.76099,0.762444,0.763622,0.761081,0.763883,0.763847,0.7672,0.766238,0.767974,0.771797,0.774646,0.781051,0.786346,0.787285,0.79371,0.795352,0.794458,0.793091,0.791887,0.791143,0.792327,0.795208,0.794918,0.794878,0.7925,0.79119,0.791503,0.79314,0.798146,0.803099,0.806519,0.811393,0.812672,0.812766,0.813969,0.814132,0.814584,0.814445,0.815625,0.815906,0.812651,0.816721,0.818523,0.819166,0.828768,0.83642,0.839355,0.844131,0.845543,0.843881,0.843036,0.841406,0.83717,0.835644,0.834124,0.8307,0.832822,0.837503,0.840504,0.84541,0.846588,0.846687,0.851086,0.852159,0.853104,0.85748,0.8613,0.864969,0.861613,0.863928,0.866596,0.864736,0.862817,0.864334,0.86882,0.871003,0.872581,0.871111,0.873288,0.872869,0.872119,0.87171,0.870234,0.868148,0.8699,0.875226,0.876694,0.877244,0.87647,0.883603,0.887376,0.890863,0.893101,0.895856,0.897029,0.899967,0.905265,0.904143,0.90451,0.907243,0.910041,0.909434,0.907614,0.90786,0.911914,0.914464,0.913381,0.911257,0.912482,0.913017,0.918457,0.924075,0.925809,0.926971,0.928034,0.925121,0.925833,0.924991,0.926724,0.929629,0.934969,0.939359,0.941796,0.944258,0.943952,0.949879,0.953296,0.958784,0.961894,0.961521,0.963063,0.964179,0.964627,0.963551,0.961402,0.964648,0.967361,0.969306,0.972271,0.97579,0.978601,0.98265,0.98252,0.981649,0.981364,0.982603,0.98448,0.986835,0.986533,0.992397,0.99379,0.996954,1.000076,1.00171,1.005909,1.008531,1.005778,1.002982,1.000792,0.99963,1.001831,1.005506,1.007959,1.014196,1.019379,1.019327,1.016653,1.014965,1.014598,1.012006,1.013968,1.013712,1.016281,1.017274,1.018649,1.018408,1.02363,1.026425,1.02472,1.024686,1.027067,1.030957,1.034054,1.039214,1.041125,1.045019,1.048293,1.048401,1.04652,1.042964,1.043235,1.044527,1.049414
a3,0.25,0.255574,0.254718,0.257309,0.261069,0.258767,0.256675,0.256036,0.256458,0.252325,0.249855,0.250223,0.250158,0.248392,0.24736,0.250539,0.252712,0.251977,0.251275,0.250975,0.249207,0.247772,0.248016,0.250521,0.250811,0.2517,0.25051,0.252732,0.250218,0.249876,0.252869,0.25432,0.254991,0.253855,0.251516,0.2531,0.252244,0.251084,0.249565,0.248459,0.246243,0.245688,0.248734,0.25013,0.250655,0.255811,0.254173,0.251081,0.248467,0.248235,0.252309,0.25354,0.253228,0.255019,0.254825,0.25284,0.25158,0.251807,0.252005,0.250638,0.249358,0.247067,0.249174,0.247165,0.247854,0.247909,0.248449,0.252287,0.251226,0.248858,0.251579,0.249579,0.250511,0.250606,0.251688,0.251256,0.252404,0.250909,0.249321,0.250073,0.249938,0.249841,0.247797,0.246566,0.248624,0.249296,0.248713,0.246468,0.245426,0.247468,0.24849,0.2499,0.249025,0.249718,0.247704,0.248563,0.247571,0.246765,0.247772,0.248849,0.249087,0.250596,0.249391,0.248736,0.249211,0.249577,0.251019,0.252378,0.25318,0.253696,0.254534,0.252646,0.25308,0.249669,0.248522,0.249071,0.249189,0.246491,0.245816,0.24464,0.243754,0.245367,0.246404,0.24665,0.246469,0.245637,0.242005,0.244834,0.24641,0.245508,0.24383,0.243286,0.244887,0.243092,0.245897,0.244921,0.251488,0.253731,0.253113,0.250986,0.2503,0.250465,0.248362,0.246138,0.246385,0.248184,0.248948,0.24855,0.243672,0.244262,0.240961,0.241228,0.244147,0.245346,0.246986,0.246383,0.245585,0.249185,0.251172,0.252034,0.260839,0.26808,0.273064,0.27675,0.280385,0.280171,0.282316,0.289273,0.287498,0.281401,0.277752,0.27352,0.278694,0.281902,0.277705,0.278421,0.273287,0.269804,0.265312,0.259316,0.254187,0.251377,0.24789,0.241589,0.234862,0.227171,0.218479,0.214851,0.210874,0.208635,0.20486,0.200234,0.201341,0.202462,0.202346,0.19951,0.196402,0.19493,0.192747,0.191193,0.190196,0.18997,0.189166,0.187613,0.184796,0.18599,0.188823,0.191426,0.191049,0.187836,0.186791,0.189329,0.19174,0.190821,0.187011,0.188635,0.188572,0.18526,0.183515,0.182947,0.1819,0.183696,0.187776,0.1863,0.185955,0.184722,0.182568,0.185051,0.186078,0.185163,0.182489,0.185778,0.184429,0.182949,0.177198,0.173801,0.173244,0.171882,0.172534,0.174407,0.175669,0.176934,0.17336,0.170142,0.174352,0.176014,0.17457,0.170359,0.17191,0.173066,0.173018,0.174189,0.174185,0.171662,0.170241,0.172533,0.169776,0.170962,0.17116,0.174079,0.173071,0.171719,0.169476,0.169469,0.169085,0.169798,0.165873,0.16447,0.166845,0.165003,0.163368,0.162047,0.165687,0.166268,0.166519,0.163792,0.164278,0.165341,0.16526,0.166647,0.167522,0.165331,0.163761,0.163382,0.161095,0.162821,0.163675,0.167607,0.164067,0.163991,0.160827,0.160535,0.162692,0.165207,0.162701,0.162904,0.164419,0.163711,0.160643,0.160855,0.163118,0.159688,0.159349,0.161385,0.162377,0.163629,0.165118,0.166526,0.162908,0.161801,0.162191,0.160983,0.162406,0.159276,0.157425,0.158209,0.154578,0.157463,0.15539,0.154566,0.153582,0.153601,0.152478,0.157301,0.157825,0.157317,0.15364,0.152835,0.149975,0.151515,0.157538,0.157137,0.156809,0.153427,0.151797,0.155004,0.156704,0.155531,0.156016,0.150191,0.148844,0.152572,0.154223,0.151659,0.153548,0.154337,0.154887,0.153911,0.15305,0.148812,0.152487,0.153255,0.15092,0.148991,0.14896,0.154468,0.151637,0.152271,0.154605,0.151717,0.145413,0.149815,0.1497,0.147675,0.152799,0.148817,0.14925,0.149277,0.146839,0.151652,0.150591,0.152336,0.150876,0.150969,0.148543,0.147964,0.145439,0.145445,0.148901,0.15514,0.147636,0.146141,0.146119,0.147028,0.148899,0.145978,0.14472,0.145481,0.146376,0.147269,0.149429,0.149302,0.147817,0.14869,0.150171,0.15068,0.148384,0.143034,0.142747,0.143635,0.148418,0.143224,0.142813,0.140004,0.140469,0.142177,0.141444,0.143922,0.143127,0.144045,0.143908,0.143441,0.14348,0.142637,0.143379,0.139782,0.136542,0.138588,0.142741,0.139319,0.136183,0.136001,0.135486,0.137678,0.134717,0.138191,0.139642,0.141561,0.140941,0.141097,0.141072,0.139745,0.140604,0.133968,0.135844,0.138807,0.144195,0.142873,0.14176,0.14223,0.140007,0.142842,0.137561,0.140758,0.140967,0.13999,0.142798,0.143348,0.140504,0.13934,0.13848,0.139859,0.137901,0.13539,0.134529,0.136107,0.137475,0.13619,0.136463,0.136258,0.133024,0.132081,0.134481,0.129926,0.133955,0.134046,0.139594,0.138787,0.135869,0.135718,0.133093,0.136298,0.138649,0.140395,0.139422,0.139634,0.139506,0.134973,0.132917,0.133564,0.135613,0.132243,0.135753,0.138449,0.138231,0.136253,0.136694,0.132774,0.134513,0.133141,0.130887,0.128642,0.132808,0.134603,0.133,0.134995,0.137705,0.136251,0.136382,0.134174,0.139166,0.136396,0.134336,0.130587,0.133038,0.134203,0.13513,0.129958,0.134324,0.131221,0.135946,0.134973,0.13237,0.131552,0.136568,0.13417,0.128054,0.135574,0.134621,0.128449,0.127912,0.133379,0.129115,0.131606,0.130686,0.129114,0.130278,0.132584,0.133364,0.132278,0.126064,0.122976,0.120724,0.124217,0.128411,0.123891,0.120849,0.132318,0.128403,0.126317,0.129147,0.129377,0.1249,0.120827,0.122594,0.128737,0.124685,0.120489,0.124803,0.127237,0.127093,0.124786,0.125796,0.121077,0.122871,0.124766,0.123605,0.123289,0.12996,0.130691,0.129251,0.126289,0.126138,0.123879,0.122699,0.124347,0.124727,0.124886,0.121622,0.124617,0.123958,0.119082,0.118665,0.122996,0.126827,0.129996,0.128811,0.126833,0.129164,0.126154,0.122739,0.12488,0.119883,0.123375,0.121069,0.123019,0.125978,0.127106,0.131972,0.125846,0.121472,0.12285,0.122114,0.12648,0.118956,0.121684,0.123584,0.125064,0.124683,0.118638,0.12568
