,0,1,2,3,4,5,6,7,8,9,10,11,12,13,14,15,16,17,18,19,20,21,22,23,24,25,26,27,28,29,30,31,32,33,34,35,36,37,38,39,40,41,42,43,44,45,46,47,48,49,50,51,52,53,54,55,56,57,58,59,60,61,62,63,64,65,66,67,68,69,70,71,72,73,74,75,76,77,78,79,80,81,82,83,84,85,86,87,88,89,90,91,92,93,94,95,96,97,98,99,100,101,102,103,104,105,106,107,108,109,110,111,112,113,114,115,116,117,118,119,120,121,122,123,124,125,126,127,128,129,130,131,132,133,134,135,136,137,138,139,140,141,142,143,144,145,146,147,148,149,150,151,152,153,154,155,156,157,158,159,160,161,162,163,164,165,166,167,168,169,170,171,172,173,174,175,176,177,178,179,180,181,182,183,184,185,186,187,188,189,190,191,192,193,194,195,196,197,198,199,200,201,202,203,204,205,206,207,208,209,210,211,212,213,214,215,216,217,218,219,220,221,222,223,224,225,226,227,228,229,230,231,232,233,234,235,236,237,238,239,240,241,242,243,244,245,246,247,248,249,250,251,252,253,254,255,256,257,258,259,260,261,262,263,264,265,266,267,268,269,270,271,272,273,274,275,276,277,278,279,280,281,282,283,284,285,286,287,288,289,290,291,292,293,294,295,296,297,298,299,300,301,302,303,304,305,306,307,308,309,310,311,312,313,314,315,316,317,318,319,320,321,322,323,324,325,326,327,328,329,330,331,332,333,334,335,336,337,338,339,340,341,342,343,344,345,346,347,348,349,350,351,352,353,354,355,356,357,358,359,360,361,362,363,364,365,366,367,368,369,370,371,372,373,374,375,376,377,378,379,380,381,382,383,384,385,386,387,388,389,390,391,392,393,394,395,396,397,398,399,400,401,402,403,404,405,406,407,408,409,410,411,412,413,414,415,416,417,418,419,420,421,422,423,424,425,426,427,428,429,430,431,432,433,434,435,436,437,438,439,440,441,442,443,444,445,446,447,448,449,450,451,452,453,454,455,456,457,458,459,460,461,462,463,464,465,466,467,468,469,470,471,472,473,474,475,476,477,478,479,480,481,482,483,484,485,486,487,488,489,490,491,492,493,494,495,496,497,498,499,500,501,502,503,504,505,506,507,508,509,510,511,512,513,514,515,516,517,518,519,520,521,522,523,524,525,526,527,528,529,530,531,532,533,534,535,536,537,538,539,540,541,542,543,544,545,546,547,548,549,550,551,552,553,554,555,556,557,558,559,560,561,562,563,564,565,566,567,568,569,570,571,572,573,574,575,576,577,578,579,580,581,582,583,584,585,586,587,588,589,590,591,592,593,594,595,596,597,598,599,600
Time,0.0,1.0,2.0,3.0,4.0,5.0,6.0,7.0,8.0,9.0,10.0,11.0,12.0,13.0,14.0,15.0,16.0,17.0,18.0,19.0,20.0,21.0,22.0,23.0,24.0,25.0,26.0,27.0,28.0,29.0,30.0,31.0,32.0,33.0,34.0,35.0,36.0,37.0,38.0,39.0,40.0,41.0,42.0,43.0,44.0,45.0,46.0,47.0,48.0,49.0,50.0,51.0,52.0,53.0,54.0,55.0,56.0,57.0,58.0,59.0,60.0,61.0,62.0,63.0,64.0,65.0,66.0,67.0,68.0,69.0,70.0,71.0,72.0,73.0,74.0,75.0,76.0,77.0,78.0,79.0,80.0,81.0,82.0,83.0,84.0,85.0,86.0,87.0,88.0,89.0,90.0,91.0,92.0,93.0,94.0,95.0,96.0,97.0,98.0,99.0,100.0,101.0,102.0,103.0,104.0,105.0,106.0,107.0,108.0,109.0,110.0,111.0,112.0,113.0,114.0,115.0,116.0,117.0,118.0,119.0,120.0,121.0,122.0,123.0,124.0,125.0,126.0,127.0,128.0,129.0,130.0,131.0,132.0,133.0,134.0,135.0,136.0,137.0,138.0,139.0,140.0,141.0,142.0,143.0,144.0,145.0,146.0,147.0,148.0,149.0,150.0,151.0,152.0,153.0,154.0,155.0,156.0,157.0,158.0,159.0,160.0,161.0,162.0,163.0,164.0,165.0,166.0,167.0,168.0,169.0,170.0,171.0,172.0,173.0,174.0,175.0,176.0,177.0,178.0,179.0,180.0,181.0,182.0,183.0,184.0,185.0,186.0,187.0,188.0,189.0,190.0,191.0,192.0,193.0,194.0,195.0,196.0,197.0,198.0,199.0,200.0,201.0,202.0,203.0,204.0,205.0,206.0,207.0,208.0,209.0,210.0,211.0,212.0,213.0,214.0,215.0,216.0,217.0,218.0,219.0,220.0,221.0,222.0,223.0,224.0,225.0,226.0,227.0,228.0,229.0,230.0,231.0,232.0,233.0,234.0,235.0,236.0,237.0,238.0,239.0,240.0,241.0,242.0,243.0,244.0,245.0,246.0,247.0,248.0,249.0,250.0,251.0,252.0,253.0,254.0,255.0,256.0,257.0,258.0,259.0,260.0,261.0,262.0,263.0,264.0,265.0,266.0,267.0,268.0,269.0,270.0,271.0,272.0,273.0,274.0,275.0,276.0,277.0,278.0,279.0,280.0,281.0,282.0,283.0,284.0,285.0,286.0,287.0,288.0,289.0,290.0,291.0,292.0,293.0,294.0,295.0,296.0,297.0,298.0,299.0,300.0,301.0,302.0,303.0,304.0,305.0,306.0,307.0,308.0,309.0,310.0,311.0,312.0,313.0,314.0,315.0,316.0,317.0,318.0,319.0,320.0,321.0,322.0,323.0,324.0,325.0,326.0,327.0,328.0,329.0,330.0,331.0,332.0,333.0,334.0,335.0,336.0,337.0,338.0,339.0,340.0,341.0,342.0,343.0,344.0,345.0,346.0,347.0,348.0,349.0,350.0,351.0,352.0,353.0,354.0,355.0,356.0,357.0,358.0,359.0,360.0,361.0,362.0,363.0,364.0,365.0,366.0,367.0,368.0,369.0,370.0,371.0,372.0,373.0,374.0,375.0,376.0,377.0,378.0,379.0,380.0,381.0,382.0,383.0,384.0,385.0,386.0,387.0,388.0,389.0,390.0,391.0,392.0,393.0,394.0,395.0,396.0,397.0,398.0,399.0,400.0,401.0,402.0,403.0,404.0,405.0,406.0,407.0,408.0,409.0,410.0,411.0,412.0,413.0,414.0,415.0,416.0,417.0,418.0,419.0,420.0,421.0,422.0,423.0,424.0,425.0,426.0,427.0,428.0,429.0,430.0,431.0,432.0,433.0,434.0,435.0,436.0,437.0,438.0,439.0,440.0,441.0,442.0,443.0,444.0,445.0,446.0,447.0,448.0,449.0,450.0,451.0,452.0,453.0,454.0,455.0,456.0,457.0,458.0,459.0,460.0,461.0,462.0,463.0,464.0,465.0,466.0,467.0,468.0,469.0,470.0,471.0,472.0,473.0,474.0,475.0,476.0,477.0,478.0,479.0,480.0,481.0,482.0,483.0,484.0,485.0,486.0,487.0,488.0,489.0,490.0,491.0,492.0,493.0,494.0,495.0,496.0,497.0,498.0,499.0,500.0,501.0,502.0,503.0,504.0,505.0,506.0,507.0,508.0,509.0,510.0,511.0,512.0,513.0,514.0,515.0,516.0,517.0,518.0,519.0,520.0,521.0,522.0,523.0,524.0,525.0,526.0,527.0,528.0,529.0,530.0,531.0,532.0,533.0,534.0,535.0,536.0,537.0,538.0,539.0,540.0,541.0,542.0,543.0,544.0,545.0,546.0,547.0,548.0,549.0,550.0,551.0,552.0,553.0,554.0,555.0,556.0,557.0,558.0,559.0,560.0,561.0,562.0,563.0,564.0,565.0,566.0,567.0,568.0,569.0,570.0,571.0,572.0,573.0,574.0,575.0,576.0,577.0,578.0,579.0,580.0,581.0,582.0,583.0,584.0,585.0,586.0,587.0,588.0,589.0,590.0,591.0,592.0,593.0,594.0,595.0,596.0,597.0,598.0,599.0,600.0
Ncross_mean,0.0,0.0,2.0,3.0,3.0,6.0,7.0,7.0,8.0,11.0,11.0,12.0,13.0,14.0,15.0,18.0,19.0,22.0,23.0,23.0,26.0,28.0,29.0,32.0,35.0,39.0,39.0,40.0,45.0,48.0,51.0,55.0,59.0,61.0,64.0,71.0,72.0,77.0,80.0,84.0,86.0,88.0,93.0,95.0,102.0,103.0,106.0,108.0,109.0,110.0,114.0,117.0,119.0,123.0,129.0,133.0,135.0,140.0,145.0,148.0,155.0,158.0,163.0,166.0,170.0,173.0,175.0,180.0,186.0,192.0,195.0,201.0,205.0,209.0,212.0,219.0,225.0,227.0,236.0,243.0,248.0,260.0,262.0,266.0,275.0,279.0,287.0,294.0,297.0,301.0,305.0,309.0,314.0,319.0,324.0,326.0,335.0,337.0,344.0,349.0,351.0,354.0,359.0,363.0,368.0,368.0,373.0,378.0,382.0,387.0,390.0,396.0,400.0,407.0,412.0,417.0,421.0,423.0,427.0,429.0,434.0,440.0,444.0,451.0,456.0,462.0,463.0,469.0,473.0,476.0,478.0,483.0,487.0,492.0,496.0,499.0,503.0,508.0,516.0,524.0,528.0,536.0,542.0,546.0,550.0,557.0,558.0,562.0,564.0,568.0,572.0,575.0,582.0,586.0,591.0,590.0,595.0,601.0,604.0,607.0,612.0,616.0,618.0,621.0,625.0,629.0,629.0,630.0,636.0,638.0,643.0,648.0,654.0,655.0,657.0,660.0,669.0,673.0,673.0,677.0,680.0,680.0,685.0,691.0,696.0,696.0,696.0,701.0,706.0,711.0,715.0,718.0,722.0,723.0,725.0,731.0,737.0,739.0,739.0,740.0,741.0,743.0,749.0,752.0,753.0,754.0,754.0,760.0,763.0,765.0,770.0,772.0,774.0,778.0,781.0,784.0,787.0,792.0,794.0,798.0,801.0,802.0,803.0,805.0,808.0,813.0,815.0,817.0,817.0,818.0,820.0,822.0,827.0,827.0,829.0,831.0,832.0,834.0,836.0,836.0,839.0,841.0,846.0,850.0,851.0,852.0,855.0,857.0,857.0,861.0,864.0,866.0,868.0,868.0,869.0,870.0,872.0,878.0,880.0,880.0,881.0,882.0,883.0,886.0,888.0,888.0,890.0,890.0,891.0,894.0,897.0,897.0,898.0,900.0,900.0,903.0,903.0,903.0,905.0,906.0,908.0,911.0,913.0,914.0,914.0,915.0,919.0,923.0,925.0,926.0,927.0,928.0,928.0,929.0,930.0,934.0,936.0,937.0,938.0,938.0,940.0,942.0,943.0,945.0,946.0,946.0,946.0,950.0,954.0,954.0,955.0,955.0,956.0,956.0,957.0,958.0,961.0,962.0,964.0,964.0,964.0,964.0,964.0,964.0,965.0,965.0,966.0,966.0,966.0,968.0,968.0,968.0,968.0,968.0,969.0,969.0,969.0,969.0,969.0,970.0,971.0,972.0,972.0,973.0,973.0,973.0,974.0,974.0,974.0,975.0,977.0,978.0,978.0,978.0,978.0,978.0,978.0,978.0,978.0,979.0,980.0,980.0,980.0,981.0,981.0,981.0,981.0,982.0,983.0,983.0,983.0,983.0,984.0,985.0,985.0,986.0,986.0,987.0,987.0,988.0,988.0,988.0,989.0,990.0,990.0,990.0,990.0,991.0,991.0,992.0,992.0,992.0,992.0,992.0,993.0,993.0,993.0,993.0,993.0,993.0,993.0,993.0,994.0,994.0,994.0,994.0,994.0,994.0,994.0,994.0,994.0,995.0,995.0,995.0,995.0,995.0,995.0,995.0,995.0,995.0,995.0,995.0,995.0,995.0,995.0,995.0,995.0,995.0,996.0,996.0,996.0,995.0,995.0,995.0,995.0,995.0,995.0,995.0,995.0,995.0,995.0,995.0,995.0,995.0,995.0,995.0,995.0,995.0,995.0,995.0,995.0,995.0,995.0,995.0,995.0,995.0,995.0,995.0,995.0,995.0,995.0,995.0,995.0,995.0,995.0,995.0,995.0,995.0,995.0,995.0,995.0,996.0,996.0,996.0,996.0,996.0,996.0,996.0,996.0,997.0,997.0,997.0,997.0,997.0,997.0,997.0,997.0,997.0,997.0,997.0,998.0,998.0,998.0,998.0,998.0,998.0,998.0,998.0,998.0,998.0,998.0,998.0,998.0,999.0,999.0,999.0,999.0,999.0,999.0,999.0,999.0,999.0,999.0,999.0,1000.0,1000.0,1000.0,1000.0,1000.0,1000.0,1000.0,1000.0,1000.0,1000.0,1000.0,1000.0,1000.0,1000.0,1000.0,1000.0,1000.0,1000.0,1000.0,1000.0,1000.0,1000.0,1000.0,1000.0,1000.0,1000.0,1000.0,1000.0,1000.0,1000.0,1000.0,1000.0,1000.0,1000.0,1000.0,1000.0,1000.0,1000.0,1000.0,1000.0,1000.0,1000.0,1000.0,1000.0,1000.0,1000.0,1000.0,1000.0,1000.0,1000.0,1000.0,1000.0,1000.0,1000.0,1000.0,1000.0,1000.0,1000.0,1000.0,1000.0,1000.0,1000.0,1000.0,1000.0,1000.0,1000.0,1000.0,1000.0,1000.0,1000.0,1000.0,1000.0,1000.0,1000.0,1000.0,1000.0,1000.0,1000.0,1000.0,1000.0,1000.0,1000.0,1000.0,1000.0,1000.0,1000.0,1000.0
Ncross_std,0.0,0.0,0.0,0.0,0.0,0.0,0.0,0.0,0.0,0.0,0.0,0.0,0.0,0.0,0.0,0.0,0.0,0.0,0.0,0.0,0.0,0.0,0.0,0.0,0.0,0.0,0.0,0.0,0.0,0.0,0.0,0.0,0.0,0.0,0.0,0.0,0.0,0.0,0.0,0.0,0.0,0.0,0.0,0.0,0.0,0.0,0.0,0.0,0.0,0.0,0.0,0.0,0.0,0.0,0.0,0.0,0.0,0.0,0.0,0.0,0.0,0.0,0.0,0.0,0.0,0.0,0.0,0.0,0.0,0.0,0.0,0.0,0.0,0.0,0.0,0.0,0.0,0.0,0.0,0.0,0.0,0.0,0.0,0.0,0.0,0.0,0.0,0.0,0.0,0.0,0.0,0.0,0.0,0.0,0.0,0.0,0.0,0.0,0.0,0.0,0.0,0.0,0.0,0.0,0.0,0.0,0.0,0.0,0.0,0.0,0.0,0.0,0.0,0.0,0.0,0.0,0.0,0.0,0.0,0.0,0.0,0.0,0.0,0.0,0.0,0.0,0.0,0.0,0.0,0.0,0.0,0.0,0.0,0.0,0.0,0.0,0.0,0.0,0.0,0.0,0.0,0.0,0.0,0.0,0.0,0.0,0.0,0.0,0.0,0.0,0.0,0.0,0.0,0.0,0.0,0.0,0.0,0.0,0.0,0.0,0.0,0.0,0.0,0.0,0.0,0.0,0.0,0.0,0.0,0.0,0.0,0.0,0.0,0.0,0.0,0.0,0.0,0.0,0.0,0.0,0.0,0.0,0.0,0.0,0.0,0.0,0.0,0.0,0.0,0.0,0.0,0.0,0.0,0.0,0.0,0.0,0.0,0.0,0.0,0.0,0.0,0.0,0.0,0.0,0.0,0.0,0.0,0.0,0.0,0.0,0.0,0.0,0.0,0.0,0.0,0.0,0.0,0.0,0.0,0.0,0.0,0.0,0.0,0.0,0.0,0.0,0.0,0.0,0.0,0.0,0.0,0.0,0.0,0.0,0.0,0.0,0.0,0.0,0.0,0.0,0.0,0.0,0.0,0.0,0.0,0.0,0.0,0.0,0.0,0.0,0.0,0.0,0.0,0.0,0.0,0.0,0.0,0.0,0.0,0.0,0.0,0.0,0.0,0.0,0.0,0.0,0.0,0.0,0.0,0.0,0.0,0.0,0.0,0.0,0.0,0.0,0.0,0.0,0.0,0.0,0.0,0.0,0.0,0.0,0.0,0.0,0.0,0.0,0.0,0.0,0.0,0.0,0.0,0.0,0.0,0.0,0.0,0.0,0.0,0.0,0.0,0.0,0.0,0.0,0.0,0.0,0.0,0.0,0.0,0.0,0.0,0.0,0.0,0.0,0.0,0.0,0.0,0.0,0.0,0.0,0.0,0.0,0.0,0.0,0.0,0.0,0.0,0.0,0.0,0.0,0.0,0.0,0.0,0.0,0.0,0.0,0.0,0.0,0.0,0.0,0.0,0.0,0.0,0.0,0.0,0.0,0.0,0.0,0.0,0.0,0.0,0.0,0.0,0.0,0.0,0.0,0.0,0.0,0.0,0.0,0.0,0.0,0.0,0.0,0.0,0.0,0.0,0.0,0.0,0.0,0.0,0.0,0.0,0.0,0.0,0.0,0.0,0.0,0.0,0.0,0.0,0.0,0.0,0.0,0.0,0.0,0.0,0.0,0.0,0.0,0.0,0.0,0.0,0.0,0.0,0.0,0.0,0.0,0.0,0.0,0.0,0.0,0.0,0.0,0.0,0.0,0.0,0.0,0.0,0.0,0.0,0.0,0.0,0.0,0.0,0.0,0.0,0.0,0.0,0.0,0.0,0.0,0.0,0.0,0.0,0.0,0.0,0.0,0.0,0.0,0.0,0.0,0.0,0.0,0.0,0.0,0.0,0.0,0.0,0.0,0.0,0.0,0.0,0.0,0.0,0.0,0.0,0.0,0.0,0.0,0.0,0.0,0.0,0.0,0.0,0.0,0.0,0.0,0.0,0.0,0.0,0.0,0.0,0.0,0.0,0.0,0.0,0.0,0.0,0.0,0.0,0.0,0.0,0.0,0.0,0.0,0.0,0.0,0.0,0.0,0.0,0.0,0.0,0.0,0.0,0.0,0.0,0.0,0.0,0.0,0.0,0.0,0.0,0.0,0.0,0.0,0.0,0.0,0.0,0.0,0.0,0.0,0.0,0.0,0.0,0.0,0.0,0.0,0.0,0.0,0.0,0.0,0.0,0.0,0.0,0.0,0.0,0.0,0.0,0.0,0.0,0.0,0.0,0.0,0.0,0.0,0.0,0.0,0.0,0.0,0.0,0.0,0.0,0.0,0.0,0.0,0.0,0.0,0.0,0.0,0.0,0.0,0.0,0.0,0.0,0.0,0.0,0.0,0.0,0.0,0.0,0.0,0.0,0.0,0.0,0.0,0.0,0.0,0.0,0.0,0.0,0.0,0.0,0.0,0.0,0.0,0.0,0.0,0.0,0.0,0.0,0.0,0.0,0.0,0.0,0.0,0.0,0.0,0.0,0.0,0.0,0.0,0.0,0.0,0.0,0.0,0.0,0.0,0.0,0.0,0.0,0.0,0.0,0.0,0.0,0.0,0.0,0.0,0.0,0.0,0.0
Valency_mean,0.0,0.0,1.0,1.0,1.0,1.1666666666666667,1.2857142857142858,1.2857142857142858,1.25,1.1818181818181819,1.1818181818181819,1.25,1.2307692307692308,1.2142857142857142,1.3333333333333333,1.2777777777777777,1.3157894736842106,1.3636363636363635,1.391304347826087,1.391304347826087,1.3461538461538463,1.4285714285714286,1.4137931034482758,1.40625,1.4,1.4871794871794872,1.564102564102564,1.6,1.5333333333333334,1.5208333333333333,1.5294117647058822,1.490909090909091,1.5084745762711864,1.4918032786885247,1.53125,1.4788732394366197,1.5416666666666667,1.5454545454545454,1.5875,1.6547619047619047,1.697674418604651,1.7045454545454546,1.7096774193548387,1.7157894736842105,1.7450980392156863,1.854368932038835,1.8679245283018868,1.9074074074074074,1.944954128440367,2.0,2.026315789473684,2.0085470085470085,2.033613445378151,2.065040650406504,2.0852713178294575,2.0676691729323307,2.074074074074074,2.107142857142857,2.117241379310345,2.1621621621621623,2.1548387096774193,2.1645569620253164,2.2024539877300615,2.253012048192771,2.2941176470588234,2.2947976878612715,2.3314285714285714,2.3333333333333335,2.306451612903226,2.3020833333333335,2.317948717948718,2.2935323383084576,2.3121951219512193,2.325358851674641,2.3443396226415096,2.3378995433789953,2.3377777777777777,2.3480176211453743,2.3220338983050848,2.3497942386831276,2.3669354838709675,2.3423076923076924,2.385496183206107,2.3796992481203008,2.3745454545454545,2.3942652329749103,2.407665505226481,2.4149659863945576,2.4545454545454546,2.4651162790697674,2.4688524590163934,2.498381877022654,2.515923566878981,2.5454545454545454,2.5709876543209877,2.5920245398773005,2.5671641791044775,2.593471810089021,2.5959302325581395,2.6045845272206303,2.623931623931624,2.65819209039548,2.668523676880223,2.7024793388429753,2.714673913043478,2.7472826086956523,2.766756032171582,2.7751322751322753,2.7905759162303663,2.8087855297157622,2.825641025641026,2.840909090909091,2.86,2.8574938574938575,2.871359223300971,2.8752997601918464,2.9097387173396676,2.9314420803782504,2.946135831381733,2.9673659673659674,2.9700460829493087,2.9704545454545452,2.9864864864864864,2.984478935698448,2.9934210526315788,2.9913419913419914,3.0172786177105833,3.029850746268657,3.040169133192389,3.0672268907563027,3.077405857740586,3.082815734989648,3.106776180698152,3.1016260162601625,3.1068548387096775,3.120240480961924,3.121272365805169,3.125984251968504,3.11046511627907,3.0896946564885495,3.102272727272727,3.082089552238806,3.092250922509225,3.100732600732601,3.1145454545454547,3.1256732495511668,3.150537634408602,3.1494661921708187,3.1648936170212765,3.176056338028169,3.18006993006993,3.1930434782608694,3.170103092783505,3.1723549488054608,3.1725888324873095,3.2033898305084745,3.2016806722689077,3.206322795341098,3.206953642384106,3.214168039538715,3.2369281045751634,3.2516233766233764,3.2588996763754046,3.260869565217391,3.2656,3.268680445151033,3.2813990461049283,3.295238095238095,3.2861635220125787,3.3087774294670846,3.3048211508553655,3.317901234567901,3.319571865443425,3.331297709923664,3.3378995433789953,3.331818181818182,3.3168908819133036,3.3150074294205054,3.335809806835067,3.342688330871492,3.347058823529412,3.3661764705882353,3.3649635036496353,3.364688856729378,3.3706896551724137,3.3850574712643677,3.3879310344827585,3.3823109843081314,3.3725212464589234,3.3755274261603376,3.3748251748251747,3.3746518105849583,3.386426592797784,3.392807745504841,3.4013793103448275,3.399452804377565,3.389416553595658,3.395128552097429,3.4100135317997293,3.427027027027027,3.4331983805668016,3.4441453566621805,3.4419225634178905,3.4481382978723403,3.460823373173971,3.4721485411140582,3.4840848806366047,3.481578947368421,3.4849279161205766,3.4941176470588236,3.4974025974025973,3.5025906735751295,3.5064599483204133,3.505141388174807,3.5224071702944943,3.5216836734693877,3.5324015247776366,3.5214646464646466,3.5302267002518892,3.531328320802005,3.5343320848938826,3.5386533665835413,3.5466998754669987,3.550310559006211,3.5433168316831685,3.5338253382533824,3.536196319018405,3.5434516523867807,3.554467564259486,3.552567237163814,3.553658536585366,3.5547445255474455,3.542926239419589,3.558645707376058,3.5560916767189386,3.5535499398315284,3.5625,3.5599520383693046,3.5586124401913874,3.5789473684210527,3.5744934445768775,3.5838287752675386,3.578014184397163,3.583529411764706,3.591069330199765,3.5950704225352115,3.5976608187134502,3.602100350058343,3.6114352392065343,3.6039488966318234,3.611111111111111,3.6108545034642034,3.610599078341014,3.6232718894009217,3.6340621403912543,3.6413793103448278,3.647935779816514,3.632118451025057,3.6375,3.6454545454545455,3.65266742338252,3.6553287981859413,3.6602491506228767,3.6534988713318284,3.6576576576576576,3.6644144144144146,3.6741573033707864,3.6808988764044943,3.68013468013468,3.684563758389262,3.681159420289855,3.688963210702341,3.6893095768374167,3.68,3.6822222222222223,3.6755260243632337,3.672203765227021,3.681063122923588,3.681767955801105,3.686534216335541,3.682819383259912,3.6827661909989025,3.67907995618839,3.683807439824945,3.6892778993435447,3.6907103825136613,3.682263329706202,3.676056338028169,3.675675675675676,3.6771058315334773,3.6785329018338726,3.6842672413793105,3.6918103448275863,3.692142088266954,3.6946236559139787,3.6798715203426124,3.677350427350427,3.6819637139807897,3.6844349680170576,3.697228144989339,3.697872340425532,3.700636942675159,3.708377518557794,3.7111111111111112,3.711416490486258,3.719873150105708,3.72938689217759,3.721052631578947,3.710691823899371,3.7169811320754715,3.731937172774869,3.7340314136125654,3.739539748953975,3.74163179916318,3.7502612330198537,3.7494780793319413,3.7460978147762747,3.7453222453222454,3.7468879668049793,3.75,3.758298755186722,3.7603734439834025,3.763485477178423,3.7686721991701244,3.7689119170984458,3.7751295336787565,3.772256728778468,3.779503105590062,3.782608695652174,3.78202479338843,3.791322314049587,3.794421487603306,3.794421487603306,3.800619834710744,3.805985552115583,3.804953560371517,3.8090815273477814,3.8111455108359134,3.8194014447884417,3.8216494845360827,3.818743563336766,3.8199588477366255,3.8261316872427984,3.8242548818088387,3.8232271325796505,3.831449126413155,3.8254620123203287,3.8305954825462014,3.8326488706365502,3.8297435897435896,3.8290685772773796,3.8302658486707566,3.831288343558282,3.8353783231083844,3.8384458077709613,3.8445807770961147,3.8425357873210633,3.8425357873210633,3.8425357873210633,3.836567926455567,3.83265306122449,3.830612244897959,3.835714285714286,3.832823649337411,3.8307849133537206,3.840978593272171,3.8399592252803263,3.836048879837067,3.8351983723296033,3.8382502543234995,3.8402848423194302,3.844354018311292,3.8445121951219514,3.8385786802030455,3.8395939086294417,3.840770791075051,3.841784989858012,3.838905775075988,3.839918946301925,3.8421052631578947,3.8421052631578947,3.848178137651822,3.846309403437816,3.8383838383838382,3.8444444444444446,3.8444444444444446,3.8454545454545452,3.8425832492431886,3.8456104944500504,3.844758064516129,3.847782258064516,3.850806451612903,3.850806451612903,3.8568548387096775,3.8519637462235647,3.8499496475327293,3.8549848942598186,3.8519637462235647,3.8469284994964754,3.8469284994964754,3.8539778449144007,3.8559919436052366,3.857142857142857,3.8601609657947686,3.858148893360161,3.859154929577465,3.86317907444668,3.8682092555331993,3.8722334004024144,3.8772635814889336,3.885311871227364,3.8814070351758794,3.878391959798995,3.8804020100502514,3.88643216080402,3.88643216080402,3.8874371859296484,3.88643216080402,3.8874371859296484,3.8844221105527637,3.8884422110552763,3.8874371859296484,3.8904522613065327,3.8874371859296484,3.885427135678392,3.8904522613065327,3.8914572864321606,3.8944723618090453,3.896586345381526,3.895582329317269,3.895582329317269,3.8964824120603017,3.8944723618090453,3.8974874371859296,3.9035175879396986,3.900502512562814,3.8954773869346733,3.8954773869346733,3.893467336683417,3.8964824120603017,3.8954773869346733,3.8974874371859296,3.899497487437186,3.898492462311558,3.8944723618090453,3.8964824120603017,3.9015075376884423,3.899497487437186,3.898492462311558,3.8964824120603017,3.899497487437186,3.8974874371859296,3.90251256281407,3.90251256281407,3.898492462311558,3.900502512562814,3.900502512562814,3.900502512562814,3.898492462311558,3.8974874371859296,3.9015075376884423,3.900502512562814,3.8954773869346733,3.8964824120603017,3.8954773869346733,3.898492462311558,3.9035175879396986,3.9015075376884423,3.90251256281407,3.9015075376884423,3.9035175879396986,3.8985943775100402,3.9016064257028114,3.9066265060240966,3.9116465863453813,3.9066265060240966,3.9106425702811247,3.9126506024096384,3.9126506024096384,3.9117352056168504,3.905717151454363,3.9047141424272818,3.905717151454363,3.9027081243731194,3.9027081243731194,3.9037111334002006,3.905717151454363,3.905717151454363,3.9047141424272818,3.9047141424272818,3.899799599198397,3.896793587174349,3.900801603206413,3.902805611222445,3.9018036072144286,3.904809619238477,3.908817635270541,3.907815631262525,3.908817635270541,3.9108216432865732,3.9128256513026054,3.9188376753507015,3.9188376753507015,3.916916916916917,3.915915915915916,3.915915915915916,3.916916916916917,3.920920920920921,3.921921921921922,3.914914914914915,3.9179179179179178,3.918918918918919,3.920920920920921,3.925925925925926,3.923,3.926,3.924,3.927,3.925,3.926,3.923,3.923,3.912,3.915,3.918,3.919,3.92,3.918,3.92,3.919,3.92,3.918,3.918,3.918,3.919,3.916,3.918,3.918,3.926,3.925,3.925,3.922,3.921,3.923,3.921,3.919,3.919,3.923,3.922,3.923,3.92,3.923,3.92,3.919,3.922,3.927,3.924,3.921,3.921,3.918,3.92,3.923,3.928,3.931,3.932,3.932,3.937,3.944,3.942,3.938,3.934,3.933,3.934,3.929,3.928,3.927,3.926,3.927,3.922,3.928,3.925,3.925,3.927,3.926,3.925,3.925,3.925,3.927,3.926,3.927,3.927,3.923,3.922,3.92,3.923,3.926,3.928,3.928,3.93,3.931,3.933
Valency_std,0.0,0.0,0.0,0.0,0.0,0.3726779962499649,0.45175395145262565,0.45175395145262565,0.4330127018922193,0.38569460791993504,0.38569460791993504,0.4330127018922193,0.4213250442347432,0.4103259033241448,0.5962847939999438,0.558326423395605,0.5668594533825794,0.642824346533225,0.6419488287058002,0.6419488287058002,0.6165853669954383,0.6776309271789385,0.6704214515594339,0.6547602137424051,0.6414269805898185,0.7115095859236723,0.7440316988998417,0.7681145747868608,0.7483314773547883,0.7356851492920656,0.7236330230292524,0.7102554539863495,0.6980088231177628,0.6924167895718977,0.7493486755176124,0.7288647342498935,0.7626252174051302,0.7820295697311479,0.785712256490886,0.8236684437414241,0.8636020757035879,0.8681104206720126,0.8623629099253084,0.8664890790423861,0.8596200085012929,0.8635866391431877,0.8909976568390638,0.8979094757333821,0.8968329842091697,0.8944271909999159,0.912491541088305,0.9010509200986976,0.8881363086127966,0.8993207680666557,0.9152540863966165,0.919263261087394,0.9319802066697247,0.9906450176629409,1.006896551724138,0.9867641223529017,0.9911995696572198,0.9863675817102864,0.9917420330674755,1.0041285077597413,1.0212279737622074,1.0478861681965004,1.0549939549106238,1.043498389499902,1.0409163096943583,1.0370208900445974,1.0482884205955758,1.050187360776794,1.040683434435233,1.0349758984922912,1.0412782591403456,1.031458234910696,1.0463245489466426,1.0441922619257944,1.0607109538721962,1.075862157309473,1.0656076393302365,1.071545640265312,1.0521966943367662,1.0666692871714847,1.0692764217524404,1.0585558979806768,1.0679087249890187,1.0775604685904754,1.053511626063226,1.0673090342159786,1.071163146504014,1.0631351190485647,1.0654091976743905,1.0639297079612327,1.0849237385024364,1.072150616370233,1.0820638185308573,1.0692708600041403,1.0713422117453357,1.0590484250672316,1.0545775600127987,1.062511206903812,1.0680916749235885,1.0600012586341108,1.0619925397745795,1.0471198628088605,1.0416369036949564,1.0463924463677374,1.0526034456860922,1.0563578024115103,1.0647542026979986,1.0647915250111344,1.060848716830067,1.0720192017315682,1.0863026706760155,1.067860079763253,1.0594782824667914,1.0574645401797245,1.0621893392059014,1.052849528409046,1.0632211286384758,1.0709128530571361,1.0611048539511287,1.0664105121278082,1.0668245461126051,1.0690099072240729,1.0616643796349023,1.056588719350999,1.0527692129766268,1.0410167334278961,1.0451481679743213,1.0362851420593808,1.0277940718923395,1.0309427164136744,1.0369549613321813,1.0352364809199026,1.0299707437466008,1.0385644694636509,1.047980235674567,1.0618149800240662,1.0664274761949222,1.0741084985266909,1.0690094855572265,1.063427752212292,1.049487871958714,1.0509488510337128,1.031193447420515,1.02759509163122,1.0190254814993946,1.0281207783398774,1.027976487788242,1.02114358221601,1.037244394725303,1.0315766703994276,1.037695562133828,1.0214589270047025,1.0173274588518693,1.006150778948931,0.9992802001344632,0.9993063120014185,0.987375726305041,0.9803246022044431,0.979214442913426,0.9810926985498354,0.9862335626006652,0.9844522697894507,0.9776455029684572,0.9636947042467325,0.9647222683350674,0.9420271332299058,0.9483185204478988,0.9333600737563325,0.9386449014145689,0.9337672176256312,0.9223970339469821,0.9279594901863967,0.952393831623645,0.9607593772248528,0.9458653150098041,0.9386626673145496,0.9331273458636907,0.9186163338729241,0.9144094852401815,0.9193989165394987,0.9178639534372298,0.9056056252150776,0.9011954231164605,0.9108167990200912,0.9226661946621779,0.9252925011473896,0.932360605188511,0.9264141963318813,0.9185582619640754,0.9203723164762496,0.9113828982146553,0.9174995619241386,0.9283982274955547,0.9223011044025001,0.9016342851289556,0.8800026562148637,0.8800865800848349,0.8754403101356123,0.886573662566802,0.8872451639055006,0.8678209874621172,0.8524540322737535,0.8354774509492248,0.8535853989150688,0.8556164540429773,0.8364440211623576,0.8409138544717908,0.8417496725323714,0.8333082943977829,0.8365674099696125,0.8213366845875247,0.8219186252106337,0.8112328932012386,0.820842063490031,0.8137472478403237,0.8216347724037699,0.8220630146659504,0.8200280890784739,0.8023927128230391,0.795337673792928,0.8041383609666191,0.8167374293699688,0.8190089841143808,0.8089973442396865,0.789950801336239,0.788238425326573,0.7891327629423822,0.7838364820525714,0.7954116594452108,0.7805880051909316,0.7833010912521305,0.7844510506560928,0.7742474634219892,0.7754494311311656,0.779620805900899,0.762291208910394,0.7650704079356762,0.7588871564489108,0.7766928920098126,0.7735095054472835,0.7632050414297776,0.7578225043453841,0.7505127460823555,0.7525268358700982,0.7433940383231769,0.7620092135421808,0.7556372504853023,0.752100958522174,0.7485642851695562,0.7341331668854875,0.7177125797397643,0.7096302621768786,0.699702004397827,0.7192237175601327,0.7145902354114941,0.7017687217616464,0.7016408784484646,0.6943405447750478,0.6897360642040679,0.7068067586100071,0.7006495762845122,0.6893621345744321,0.6766620137658291,0.6546079372966472,0.6563497875292231,0.6647458176528778,0.6717849185675617,0.6595670481112894,0.652489981438109,0.6631909394904473,0.6490296650946238,0.6621629087779461,0.6613623264198896,0.6505353272208516,0.6516864406090722,0.6484620261673917,0.6559218404426428,0.6686646663335404,0.670918700512899,0.6661726060404622,0.6563566665743844,0.6623942647874836,0.6737910967673351,0.6858268333649572,0.6886749538868319,0.6896759839821596,0.6843943966205946,0.6715350898187729,0.6613219508315183,0.6594127906443669,0.6502878752758046,0.6731955694399173,0.6719023804278443,0.6704823816354447,0.6664298402019271,0.653033591165724,0.6442839871077494,0.6414384857758298,0.6354696308662857,0.6375659180223118,0.6339719265887835,0.6158292375902993,0.6088868334065356,0.618213851066902,0.6262521573346276,0.6122311206861866,0.5890589853311269,0.5864472669549616,0.5804930431161197,0.5778178673761362,0.5648280776073832,0.5632024623626413,0.5752869860711082,0.5754903451164002,0.5763678155638617,0.5695870965716419,0.5584912340074647,0.5575270173385437,0.548550228806376,0.5441254550228994,0.5438943793314521,0.5349961104001654,0.5363557735970339,0.5208232866847337,0.5151411654875507,0.5212501178279974,0.514105887007533,0.5062521054267595,0.5042073765292882,0.4922116852307131,0.49091360228653036,0.48733836505439143,0.48259712183288284,0.4855386808606935,0.47365610534220237,0.4742279246961212,0.4761012137709175,0.4730306787068353,0.4643862438547414,0.4721945711689515,0.46853192555671014,0.4605257024782892,0.4756153930965285,0.47206159612280196,0.4662332852741131,0.4703925648041338,0.4706910927732673,0.46976490974611845,0.46024197499706493,0.45051199006313253,0.4436261133587555,0.4318319256171529,0.43109044127151375,0.4263202892257958,0.42871199980944935,0.4380414999776234,0.4432660578036998,0.4401781094208659,0.43629937297358434,0.44536699694604837,0.4445963884703683,0.43682743328854057,0.43762122056651176,0.4451639548461494,0.4547725179133329,0.45025345008762024,0.44186408087280094,0.4340377563748682,0.44081682986650517,0.4521061936170391,0.4468227797585062,0.44357140630759173,0.4404939814406618,0.4449263889996291,0.4325968258017187,0.43779954586655656,0.4354815160979711,0.42591497204099016,0.42973294470397716,0.4405476552048359,0.43116525745566814,0.43350165081232916,0.4326971384125968,0.4418141973120098,0.4325066049446464,0.43312064122403404,0.42598926725242264,0.4235022884772566,0.4235022884772566,0.4135719053123455,0.42485548836850623,0.4217673665216584,0.4126863151796651,0.4152659283320732,0.41465249154524203,0.41707407907410504,0.4086511443974056,0.39432894281492914,0.39832936549390174,0.390483338532519,0.38975692002067996,0.3888300696696707,0.3824525774113176,0.3722456357769409,0.3682216246231982,0.36306619134454604,0.3458950907467985,0.35867712016996695,0.36185650163366023,0.35974284393828315,0.34461665275729564,0.34752077291710026,0.3521548380669937,0.3532573964001481,0.3521548380669937,0.3554437282232365,0.35104593956569774,0.3521548380669937,0.35167838276889696,0.3549972960815995,0.35717863366819985,0.3488088798406522,0.3476805946759821,0.34425594952574035,0.35048502476516136,0.35161783609429503,0.35161783609429503,0.3419390295680221,0.34425594952574035,0.3348197123705898,0.32752718778124434,0.33120724621215003,0.3401590645376685,0.34310091728003,0.3511753956085854,0.341939029568022,0.34310091728003,0.34077021626667586,0.3384115254338287,0.336621909929658,0.34132405208630234,0.341939029568022,0.3299881811397599,0.33542854722756466,0.336621909929658,0.33898709369335045,0.33542854722756466,0.3348197123705898,0.3256901733828572,0.3256901733828572,0.3305967479304329,0.32815878731519516,0.32815878731519516,0.32815878731519516,0.32754260713824995,0.3256901733828572,0.3207211389013174,0.31883857818402506,0.3250506697898965,0.32382402386849396,0.32812800578755325,0.3213472560772993,0.3085672653220896,0.31117824182353965,0.3098771333639741,0.31117824182353965,0.3085672653220896,0.32431273042694764,0.31424900871249,0.30444541893858695,0.294229815511169,0.30112950865728466,0.2956294570208691,0.2928200415212466,0.2928200415212466,0.3041549420618128,0.3121373116766599,0.3134367101095925,0.3121373116766599,0.30959689723983697,0.3160099284656404,0.31472754740203523,0.30890724058618285,0.30890724058618285,0.31022016889648274,0.3102201688964827,0.32893213984816055,0.3264703742907417,0.3215371377918788,0.31902303314954716,0.32028411971513265,0.31329414336720646,0.3080457582697662,0.3061150943323581,0.29812776646917516,0.2953601216403728,0.2925525690789196,0.28032662688172266,0.2873865580902292,0.30032365608207856,0.30170841039294677,0.3017084103929467,0.29697187813074927,0.2912689313042087,0.2863422808663115,0.2997626150692593,0.29215513668796317,0.29071798943617894,0.28781172377284053,0.280351771234199,0.2950779558015136,0.28376751047292215,0.2867472754883645,0.275083623649246,0.27816362091402247,0.27299084233724763,0.27761664215244736,0.281195661417455,0.29707911404203424,0.296268459340511,0.28857581326230375,0.28712192532093406,0.285657137141714,0.2920205472222802,0.2891366458960192,0.2905838949425794,0.2891366458960192,0.2920205472222802,0.2920205472222802,0.2920205472222802,0.2905838949425794,0.29486267990371384,0.2920205472222802,0.2920205472222802,0.26930280355020436,0.2708782014116307,0.2708782014116307,0.2755285829092873,0.27705414633244524,0.27761664215244736,0.28064033922442444,0.2905838949425794,0.294005101996547,0.28472969637886386,0.282694181050831,0.27761664215244736,0.28213471959331765,0.281195661417455,0.28213471959331765,0.2836177004349341,0.27913437624198134,0.2714240225182731,0.27608694282779833,0.28064033922442444,0.28064033922442444,0.2850894596438107,0.28213471959331765,0.27761664215244736,0.26984439960836687,0.26502641377794783,0.25956887332652195,0.25956887332652195,0.24704453039887364,0.23423065555131764,0.23374344910606587,0.24115555146004827,0.2522776248500846,0.2539901572896084,0.2522776248500846,0.26068947044328433,0.26232803891311346,0.26395264726840684,0.2655635517159687,0.2601365026289083,0.26817158686184484,0.2623280389131135,0.2671610001478509,0.2671610001478509,0.26395264726840684,0.26556355171596874,0.26716100014785094,0.27087820141163077,0.27087820141163077,0.2677144000609605,0.27662971640805323,0.27508362364924593,0.27508362364924593,0.281195661417455,0.28269418105083094,0.285657137141714,0.281195661417455,0.27299084233724763,0.26984439960836687,0.26984439960836687,0.2666458325194677,0.26502641377794783,0.2617460601422685
Nfil_per_cross_mean,0.0,0.0,1.0,1.0,1.0,1.0,1.0,1.0,1.0,1.0,1.0,1.0,1.0,1.0,1.0,1.0,1.0,1.0,1.0,1.0,1.0,1.0,1.0,1.0,1.0,1.0256410256410255,1.0512820512820513,1.05,1.0444444444444445,1.0416666666666667,1.0392156862745099,1.0363636363636364,1.0338983050847457,1.0327868852459017,1.03125,1.028169014084507,1.0416666666666667,1.0389610389610389,1.05,1.0476190476190477,1.058139534883721,1.0681818181818181,1.075268817204301,1.0736842105263158,1.0784313725490196,1.087378640776699,1.1132075471698113,1.1296296296296295,1.128440366972477,1.1272727272727272,1.1228070175438596,1.1196581196581197,1.1260504201680672,1.1300813008130082,1.124031007751938,1.1203007518796992,1.125925925925926,1.1285714285714286,1.1379310344827587,1.1486486486486487,1.1483870967741936,1.1518987341772151,1.1533742331288344,1.1686746987951808,1.188235294117647,1.1907514450867052,1.1942857142857144,1.1944444444444444,1.1881720430107527,1.1875,1.1948717948717948,1.1940298507462686,1.2048780487804878,1.200956937799043,1.1981132075471699,1.1963470319634704,1.1955555555555555,1.198237885462555,1.1991525423728813,1.213991769547325,1.217741935483871,1.2192307692307693,1.2404580152671756,1.236842105263158,1.2327272727272727,1.2437275985663083,1.2473867595818815,1.251700680272109,1.2693602693602695,1.2757475083056478,1.2852459016393443,1.2912621359223302,1.2961783439490446,1.3072100313479624,1.3179012345679013,1.3312883435582823,1.328358208955224,1.3382789317507418,1.3430232558139534,1.346704871060172,1.3532763532763532,1.3672316384180792,1.3704735376044568,1.3801652892561984,1.3831521739130435,1.391304347826087,1.4075067024128687,1.41005291005291,1.4136125654450262,1.4237726098191215,1.4307692307692308,1.4368686868686869,1.44,1.4471744471744472,1.4563106796116505,1.4652278177458034,1.477434679334917,1.4775413711583925,1.484777517564403,1.4988344988344988,1.5046082949308757,1.509090909090909,1.5135135135135136,1.516629711751663,1.519736842105263,1.525974025974026,1.5377969762419006,1.5437100213219617,1.5433403805496828,1.5567226890756303,1.5564853556485356,1.556935817805383,1.5646817248459959,1.5630081300813008,1.564516129032258,1.5731462925851702,1.5745526838966202,1.580708661417323,1.571705426356589,1.566793893129771,1.5681818181818181,1.5652985074626866,1.5719557195571956,1.5824175824175823,1.58,1.585278276481149,1.6021505376344085,1.597864768683274,1.599290780141844,1.602112676056338,1.6031468531468531,1.6069565217391304,1.6013745704467355,1.60580204778157,1.6091370558375635,1.6135593220338984,1.6134453781512605,1.617304492512479,1.6142384105960266,1.614497528830313,1.619281045751634,1.625,1.627831715210356,1.6280193236714975,1.6272,1.629570747217806,1.629570747217806,1.6349206349206349,1.630503144654088,1.6363636363636365,1.6329704510108864,1.6404320987654322,1.6422018348623852,1.6442748091603054,1.6514459665144596,1.646969696969697,1.6457399103139014,1.6478454680534917,1.652303120356612,1.6573116691285081,1.6573529411764707,1.6632352941176471,1.6656934306569342,1.6671490593342981,1.6666666666666667,1.6724137931034482,1.6767241379310345,1.6761768901569187,1.6756373937677054,1.6736990154711673,1.6741258741258742,1.6727019498607243,1.6759002770083102,1.681881051175657,1.6841379310344828,1.6853625170998632,1.682496607869742,1.6887686062246279,1.69553450608931,1.7013513513513514,1.7031039136302295,1.7039030955585464,1.704939919893191,1.7061170212765957,1.7158034528552457,1.720159151193634,1.7254641909814323,1.7276315789473684,1.7300131061598951,1.7333333333333334,1.735064935064935,1.7370466321243523,1.7428940568475453,1.74293059125964,1.7477592829705506,1.7512755102040816,1.7547649301143584,1.753787878787879,1.7544080604534005,1.7543859649122806,1.7602996254681649,1.7605985037406484,1.763387297633873,1.7677018633540373,1.7636138613861385,1.7626076260762609,1.7656441717791411,1.7674418604651163,1.7723378212974297,1.7726161369193154,1.773170731707317,1.7749391727493917,1.7714631197097945,1.7726723095525998,1.7696019300361883,1.7677496991576414,1.7728365384615385,1.7733812949640289,1.7715311004784688,1.777511961722488,1.7806912991656734,1.78359096313912,1.7836879432624113,1.7858823529411765,1.7873090481786134,1.7863849765258215,1.7847953216374268,1.7864644107351224,1.7864644107351224,1.7816492450638792,1.7881944444444444,1.7886836027713626,1.7857142857142858,1.7891705069124424,1.7928653624856157,1.7942528735632184,1.7970183486238531,1.7904328018223234,1.7920454545454545,1.7977272727272726,1.7979568671963677,1.8015873015873016,1.8018120045300112,1.799097065462754,1.7995495495495495,1.8006756756756757,1.803370786516854,1.804494382022472,1.8024691358024691,1.8064876957494407,1.8037904124860646,1.8037904124860646,1.8051224944320712,1.8022222222222222,1.8033333333333332,1.7995570321151717,1.7984496124031009,1.7995570321151717,1.8011049723756907,1.7991169977924946,1.7984581497797356,1.7980241492864983,1.7995618838992333,1.798687089715536,1.801969365426696,1.8043715846994535,1.8008705114254624,1.7984832069339112,1.798918918918919,1.8023758099352052,1.802588996763754,1.8060344827586208,1.8081896551724137,1.807319698600646,1.8096774193548386,1.8072805139186296,1.8087606837606838,1.8078975453575241,1.8091684434968016,1.8102345415778252,1.8117021276595744,1.813163481953291,1.818663838812301,1.819047619047619,1.8213530655391121,1.8266384778012685,1.8287526427061311,1.8263157894736841,1.8270440251572326,1.830188679245283,1.8324607329842932,1.8324607329842932,1.8347280334728033,1.8357740585774058,1.8369905956112853,1.837160751565762,1.8355879292403745,1.8336798336798337,1.8360995850622406,1.8392116182572613,1.842323651452282,1.8443983402489628,1.845435684647303,1.8464730290456433,1.8476683937823835,1.8518134715025907,1.8509316770186335,1.8540372670807452,1.855072463768116,1.853305785123967,1.8615702479338843,1.8636363636363635,1.8636363636363635,1.8646694214876034,1.865841073271414,1.869969040247678,1.871001031991744,1.87203302373581,1.8761609907120742,1.8762886597938144,1.878475798146241,1.8775720164609053,1.8806584362139918,1.8818088386433711,1.882836587872559,1.8848920863309353,1.8839835728952772,1.8870636550308009,1.8870636550308009,1.8851282051282052,1.8853633572159672,1.885480572597137,1.885480572597137,1.8865030674846626,1.8885480572597138,1.8916155419222904,1.887525562372188,1.8885480572597138,1.8885480572597138,1.884576098059244,1.8826530612244898,1.8826530612244898,1.883673469387755,1.8837920489296636,1.8807339449541285,1.8878695208970437,1.8888888888888888,1.8890020366598779,1.8901322482197356,1.8901322482197356,1.891149542217701,1.8921668362156663,1.8922764227642277,1.8913705583756346,1.8934010152284264,1.8924949290060853,1.8924949290060853,1.8936170212765957,1.8966565349544073,1.8977732793522266,1.8987854251012146,1.8997975708502024,1.8998988877654197,1.8979797979797979,1.903030303030303,1.903030303030303,1.9070707070707071,1.9061553985872857,1.9061553985872857,1.907258064516129,1.909274193548387,1.9112903225806452,1.9112903225806452,1.9143145161290323,1.9123867069486404,1.9154078549848943,1.918429003021148,1.9204431017119838,1.9204431017119838,1.9214501510574018,1.9244712990936557,1.9284994964753273,1.9285714285714286,1.9285714285714286,1.9275653923541247,1.9275653923541247,1.9275653923541247,1.9275653923541247,1.9305835010060362,1.93158953722334,1.9356136820925554,1.934673366834171,1.934673366834171,1.9336683417085427,1.935678391959799,1.935678391959799,1.9366834170854272,1.935678391959799,1.9366834170854272,1.9366834170854272,1.9376884422110552,1.9376884422110552,1.9417085427135679,1.9417085427135679,1.9417085427135679,1.9417085427135679,1.942713567839196,1.9437185929648242,1.9457831325301205,1.9457831325301205,1.9467871485943775,1.9487437185929648,1.9477386934673366,1.949748743718593,1.9517587939698493,1.9507537688442211,1.9487437185929648,1.9517587939698493,1.9527638190954775,1.9547738693467336,1.9547738693467336,1.9537688442211056,1.9547738693467336,1.9537688442211056,1.9547738693467336,1.957788944723618,1.9597989949748744,1.957788944723618,1.95678391959799,1.957788944723618,1.9597989949748744,1.9587939698492463,1.9618090452261308,1.9618090452261308,1.9608040201005026,1.9618090452261308,1.9597989949748744,1.9608040201005026,1.9597989949748744,1.9587939698492463,1.9597989949748744,1.9608040201005026,1.9608040201005026,1.9608040201005026,1.9597989949748744,1.9597989949748744,1.9608040201005026,1.9618090452261308,1.9618090452261308,1.9628140703517587,1.9638190954773869,1.96285140562249,1.964859437751004,1.965863453815261,1.9688755020080322,1.9698795180722892,1.9718875502008033,1.9738955823293172,1.9718875502008033,1.9709127382146439,1.9689067201604815,1.9699097291875627,1.9689067201604815,1.9679037111334001,1.9699097291875627,1.9719157472417252,1.974924774322969,1.9759277833500501,1.974924774322969,1.9769307923771313,1.9759519038076152,1.9779559118236474,1.9809619238476954,1.9809619238476954,1.9809619238476954,1.9829659318637274,1.9859719438877756,1.9859719438877756,1.9869739478957915,1.9869739478957915,1.9879759519038076,1.9929859719438878,1.993987975951904,1.992992992992993,1.991991991991992,1.994994994994995,1.994994994994995,1.997997997997998,1.997997997997998,1.996996996996997,1.996996996996997,1.996996996996997,1.997997997997998,2.0,2.0,2.002,2.002,2.004,2.003,2.004,2.001,2.002,1.998,1.999,2.0,2.001,2.002,2.002,2.006,2.006,2.009,2.008,2.007,2.006,2.009,2.009,2.011,2.012,2.017,2.017,2.018,2.018,2.02,2.021,2.021,2.02,2.018,2.021,2.021,2.023,2.021,2.023,2.025,2.025,2.026,2.028,2.027,2.027,2.029,2.027,2.028,2.032,2.032,2.035,2.036,2.037,2.039,2.043,2.043,2.043,2.042,2.041,2.044,2.043,2.044,2.043,2.044,2.045,2.045,2.049,2.048,2.048,2.048,2.049,2.05,2.051,2.052,2.054,2.055,2.054,2.055,2.057,2.058,2.056,2.056,2.056,2.056,2.059,2.059,2.061,2.061
Nfil_per_cross_std,0.0,0.0,0.0,0.0,0.0,0.0,0.0,0.0,0.0,0.0,0.0,0.0,0.0,0.0,0.0,0.0,0.0,0.0,0.0,0.0,0.0,0.0,0.0,0.0,0.0,0.15806189751202507,0.22057244274468274,0.2179449471770337,0.20608041101101562,0.19982631347136331,0.1941077438551307,0.18719327529067276,0.1809674280005307,0.17807836870820024,0.17399263633843817,0.16545549471085533,0.19982631347136334,0.19350213539936806,0.2179449471770337,0.21295885499997996,0.23400711392439658,0.25205764787294127,0.26382460529860857,0.26125628728401806,0.2688492000157272,0.31489853864518164,0.37165501138853224,0.41034295937333964,0.40864325598752455,0.4069641688290798,0.4004460424741518,0.3957551077877,0.4007266896660963,0.40241849335819774,0.3939022020437985,0.38851159948161845,0.39308145663471405,0.41131942996822773,0.4172271299932186,0.4249779782031456,0.4218782638521758,0.42362532989067114,0.42300157486964907,0.43406948276269447,0.44705882352941173,0.4606178453904401,0.4622571066550099,0.46064233199380555,0.4544521604086916,0.4521361336293897,0.4562661829648251,0.45401928543481923,0.4600907755142086,0.4565305432297249,0.4539098763667701,0.45106205278124123,0.44917482642213824,0.450546878433325,0.4492924310460073,0.46645686634748157,0.46767240862574133,0.46617859797195815,0.4779534337971677,0.4752480451222923,0.4713827032174197,0.4767968214570864,0.477491777369363,0.47871053294582805,0.487041430531811,0.5028587934482965,0.5063000035855663,0.5207239414451225,0.521680937010899,0.5249075659123582,0.5393645462043084,0.5432826233946124,0.5405375903780583,0.54863251033446,0.5485797090064357,0.5538319508698942,0.5603055032410444,0.5681267837277529,0.5677670171734109,0.5786304484037784,0.5780767012216235,0.5843339154658962,0.5950172485688864,0.5941553939174172,0.6024583465423559,0.6025383258198762,0.6068640899481853,0.6059922099453403,0.6011655346075655,0.6083252286555257,0.6078243714963846,0.6072025791116916,0.6068407137865609,0.606381826643268,0.6056932348671734,0.6092706810762802,0.6081072535503873,0.6067117713986757,0.6057511882527653,0.6114670613364824,0.6138431717628308,0.6157885025273129,0.6288399153416758,0.6337251436572571,0.6360580275207912,0.637531491057695,0.6370284298968453,0.6389436562644987,0.643579131016203,0.6424146964464034,0.6412177865123941,0.6426400961873902,0.6445277747261116,0.651604538180136,0.6505020410993578,0.6489307319926667,0.6506777564199691,0.648929302198247,0.649572278996509,0.6501496147777222,0.6494473174798848,0.6607749134890722,0.6662329494477277,0.66578484673319,0.6676938668612078,0.6740635977287155,0.6779678804822702,0.6765284452556859,0.6754391473904696,0.6761922513715454,0.6792932774952326,0.6813390671662664,0.6848816826907851,0.6849706180198775,0.6870581658730489,0.6885656147690853,0.6863425892158052,0.6842084724455214,0.6854961759768868,0.6846281637896376,0.6836813292755625,0.6821479963131201,0.6821479963131201,0.6831669321573225,0.6824026170459178,0.6807201189239084,0.6823491424186863,0.6817966902757038,0.6798489099075202,0.6791508287148352,0.683777143250176,0.6817356852448548,0.6840488347242362,0.6847298313528798,0.6837521363024313,0.6837384281764195,0.6807902364317229,0.6837191571201942,0.6818221567685325,0.6862767724916008,0.6892719241639057,0.6899424688946629,0.6930099796872307,0.6918025763601326,0.6926577332075665,0.6897870312699224,0.6906683989459469,0.6902473802811975,0.6884088450751941,0.6906134560957577,0.6914927243808003,0.6935637058954194,0.6966718772377337,0.7002964570687453,0.6984375214773583,0.6965151175564392,0.6957387756858034,0.696905949020711,0.6988372206815213,0.6976898255593237,0.69830180930634,0.6966703501606146,0.6968773544363471,0.6964380586449063,0.6986062701314831,0.6988318918537529,0.696888489797334,0.6993895064720866,0.7023731618900956,0.7012531183933963,0.7005655103163532,0.7021275289797931,0.7000359688635711,0.702618332141396,0.7036335810336249,0.7043186233598666,0.7084099126613865,0.7080186543168224,0.708464730708648,0.713281497703026,0.7139437322906959,0.7146191511284561,0.714647827645237,0.7151224985051613,0.7166961758797028,0.7197073922086299,0.7189166613541762,0.7176636083111684,0.7158648971260603,0.7137129732725331,0.7126243726861544,0.7110742470109883,0.7156107075909269,0.7148385009440217,0.7149818816851399,0.7176993620303915,0.7172713483633211,0.7172194586266626,0.7174084019233002,0.7203190373514602,0.7194649220458498,0.7211770387891191,0.7209499412274688,0.7229549979171946,0.7229549979171946,0.7237067909363554,0.7266739800642852,0.7306622477014393,0.7296729722813817,0.7314670275562989,0.7328521180852661,0.7351372257290895,0.7334349934190384,0.7327668067622914,0.731549040006126,0.7354617091459179,0.7350757428607513,0.73638648423896,0.7375367628457465,0.737758852038483,0.7369891113493773,0.736530393765158,0.7348391917952238,0.7359027342238248,0.7364447064955327,0.7384626174158319,0.7371849137758552,0.7371849137758553,0.7378537138452332,0.7354481291140008,0.7349905517155382,0.7356751765981581,0.7346192009365655,0.7356751765981581,0.7374728349918837,0.7379938901484928,0.7391787929155815,0.7414617859993747,0.7417452442699636,0.7418104475953087,0.7404803981660065,0.7450987492123554,0.7424332137052378,0.7422535132197132,0.7444199039694319,0.7441889878892446,0.7438157739050689,0.7450166386829139,0.7441276993879699,0.745644133188164,0.7429329433450361,0.7427814591414325,0.7430361617038114,0.7431089026227998,0.743730835617656,0.7432867626392714,0.7406662301357868,0.7423472076263765,0.745428994918653,0.7461060415555244,0.7434055884927355,0.7453653206769638,0.743013924134047,0.7429260112364792,0.7428642117207533,0.7414718251860932,0.7429907846331101,0.7429907846331101,0.7486997301100382,0.7524134996619121,0.7515713479302113,0.7511974277189346,0.751012423027823,0.7487958270669118,0.7485142506618102,0.7484962801235502,0.747078122404798,0.7461239753239818,0.7470341892366317,0.7479418567354016,0.749858193078155,0.7506883379613414,0.750799547239663,0.7493401200979368,0.7516098284971503,0.7518361968048868,0.753401661298305,0.752406607147584,0.7496555682941201,0.7505312816714796,0.7496537484360046,0.7517548092025356,0.7512460436914059,0.7521088994547604,0.7514274814935261,0.7510505626143679,0.7510104036198627,0.751152112319759,0.7523327088020015,0.7528008792957374,0.752278738314949,0.7525959961844279,0.7527431993485351,0.7538927055979429,0.7538927055979429,0.7518417447870736,0.7524512627220071,0.7520753998681173,0.7520753998681173,0.752909720708003,0.7545714382757016,0.7570468181769361,0.7564499828441595,0.7572767228771549,0.7572767228771549,0.7549341264789045,0.7569441127570566,0.7555948474619432,0.7577751911461174,0.7573979636959599,0.7548996406417294,0.7593559474598088,0.760176550720911,0.7597976617215684,0.7615734921428267,0.7602365394656385,0.7597136320104816,0.7591890012455853,0.7601490151387895,0.7602942589211227,0.7592456225286508,0.7593931483943217,0.7593931483943217,0.7611579905376502,0.7609111523218799,0.761334794453479,0.7621343236181959,0.7629316721374034,0.7651998621326738,0.7645530546203135,0.7658697499113026,0.7685030109697718,0.7716246176451771,0.7717727323651824,0.7717727323651824,0.7721642591315173,0.7724037401004243,0.7713320774979576,0.7713320774979576,0.7723267721729504,0.7730204185381326,0.7740076711140106,0.7736813485202092,0.7751912378386377,0.7712840975602258,0.7707342804755597,0.7729928675251391,0.7746769227180396,0.7755886785003239,0.7755886785003239,0.7735469979241609,0.7735469979241609,0.7735469979241609,0.7735469979241609,0.7744734445202228,0.7752121073613238,0.77425844034703,0.775733576528041,0.7744369125382194,0.775000152733176,0.7764650066928449,0.7764650066928449,0.775900226241616,0.775169566202946,0.7746038412185513,0.775900226241616,0.7766288982810979,0.7766288982810979,0.7795238177177998,0.7782334689141024,0.7782334689141024,0.7782334689141024,0.7789534748279688,0.7783814163716873,0.7794243377968298,0.7794243377968298,0.7788492430819325,0.7793734951052698,0.7786616607809532,0.7787939633643763,0.7789210564437258,0.7769201757392586,0.7754952573155011,0.7750405546922309,0.7744538678738789,0.7745738488726495,0.7758702840092836,0.7764585023447732,0.7758702840092836,0.7751630509849087,0.7758702840092835,0.7753923537083265,0.7767940556049013,0.7766874226100193,0.7772789210756045,0.7766874226100193,0.7767940556049013,0.776094171851411,0.7781880408055993,0.7781880408055993,0.777492010192701,0.7768954734078458,0.7767940556049013,0.77619828372796,0.7754991647783087,0.7747981113364122,0.7742021081866143,0.7749023973449652,0.77619828372796,0.77619828372796,0.7754991647783087,0.7754991647783087,0.777492010192701,0.7768954734078458,0.7768954734078458,0.7775907390073297,0.7782840856829353,0.7784919401068179,0.7760018012242615,0.7766932257315677,0.7748786279893826,0.7742702131647227,0.7743457216205113,0.7744160159783484,0.7756412371196522,0.7732724748556182,0.7731944109448309,0.7725852417324934,0.7744905520214475,0.7738018004861295,0.7751773937952399,0.7752526626821449,0.7772938159970371,0.7766800903129077,0.7772938159970371,0.7773559384153717,0.7775809346371637,0.7763507396802843,0.7744920609393114,0.7744920609393114,0.7744920609393114,0.7758313278930956,0.7778262238337016,0.7778262238337016,0.778487473769667,0.7746165004492105,0.7739856710953812,0.7759866057014537,0.7740557165737053,0.7717165914041237,0.7684571962044042,0.7691336304677436,0.7704339968605316,0.7723940630174345,0.7710970020578336,0.7704444013467536,0.7704444013467536,0.7704444013467536,0.7697977556349307,0.7710996009560598,0.7733045971672482,0.7720077719816038,0.7707113597190585,0.7694049648917012,0.7700590886419043,0.7694049648917012,0.7713617828230798,0.7733020108599228,0.7733020108599227,0.7739502567994923,0.7745966692414834,0.7752412527723225,0.7745940872482826,0.7745940872482826,0.7732813200899139,0.7732813200899139,0.7738985721656294,0.7719689112911218,0.7700331161709865,0.7680911404254055,0.7661063894786415,0.7661063894786415,0.7686865420963216,0.7706205291841114,0.7724707114188861,0.7724707114188861,0.773095078240704,0.773095078240704,0.7743384273042376,0.7749574181850253,0.7736659485850468,0.7756287771866127,0.7756777681486045,0.7762467391235858,0.7736659485850468,0.7761900540460436,0.7736659485850468,0.7749006387918389,0.7748386928903331,0.7787008411450446,0.7780257065161794,0.7766698140136514,0.7734797993483734,0.7734797993483733,0.7759890463144438,0.7773486991048483,0.7766698140136514,0.7778020313678795,0.7778020313678795,0.7770296004657736,0.7776271600195044,0.7756487607158283,0.7781253112449177,0.7779145197256573,0.7727554593789681,0.7727554593789681,0.7721631951860953,0.7702720298699673,0.7694569513624527,0.7688634469136896,0.7694569513624527,0.7675617239023843,0.768156234108661,0.7661429370554818,0.767447066578536,0.7698045206414419,0.7705167097474266,0.7731080131521081,0.7731080131521081,0.7736917991034933,0.7742738533619743,0.7735625378726662,0.7754327823867134,0.7765848311678513,0.7784439607319206,0.7778714546761567,0.7784439607319206,0.7795838633527505,0.7801512673834479,0.7802973792087219,0.7790147623761695,0.7777300302804309,0.7777300302804309,0.7755765597283095,0.7755765597283095,0.7779967866257547,0.7779967866257547
Bar_Nfil_per_cross_mean,2.051064516129032,0.0,0.0,0.0,0.0,0.0,0.0,0.0,0.0,0.0,0.0,0.0,0.0,0.0,0.0,0.0,0.0,0.0,0.0,0.0,0.0,0.0,0.0,0.0,0.0,0.0,0.0,0.0,0.0,0.0,0.0,0.0,0.0,0.0,0.0,0.0,0.0,0.0,0.0,0.0,0.0,0.0,0.0,0.0,0.0,0.0,0.0,0.0,0.0,0.0,0.0,0.0,0.0,0.0,0.0,0.0,0.0,0.0,0.0,0.0,0.0,0.0,0.0,0.0,0.0,0.0,0.0,0.0,0.0,0.0,0.0,0.0,0.0,0.0,0.0,0.0,0.0,0.0,0.0,0.0,0.0,0.0,0.0,0.0,0.0,0.0,0.0,0.0,0.0,0.0,0.0,0.0,0.0,0.0,0.0,0.0,0.0,0.0,0.0,0.0,0.0,0.0,0.0,0.0,0.0,0.0,0.0,0.0,0.0,0.0,0.0,0.0,0.0,0.0,0.0,0.0,0.0,0.0,0.0,0.0,0.0,0.0,0.0,0.0,0.0,0.0,0.0,0.0,0.0,0.0,0.0,0.0,0.0,0.0,0.0,0.0,0.0,0.0,0.0,0.0,0.0,0.0,0.0,0.0,0.0,0.0,0.0,0.0,0.0,0.0,0.0,0.0,0.0,0.0,0.0,0.0,0.0,0.0,0.0,0.0,0.0,0.0,0.0,0.0,0.0,0.0,0.0,0.0,0.0,0.0,0.0,0.0,0.0,0.0,0.0,0.0,0.0,0.0,0.0,0.0,0.0,0.0,0.0,0.0,0.0,0.0,0.0,0.0,0.0,0.0,0.0,0.0,0.0,0.0,0.0,0.0,0.0,0.0,0.0,0.0,0.0,0.0,0.0,0.0,0.0,0.0,0.0,0.0,0.0,0.0,0.0,0.0,0.0,0.0,0.0,0.0,0.0,0.0,0.0,0.0,0.0,0.0,0.0,0.0,0.0,0.0,0.0,0.0,0.0,0.0,0.0,0.0,0.0,0.0,0.0,0.0,0.0,0.0,0.0,0.0,0.0,0.0,0.0,0.0,0.0,0.0,0.0,0.0,0.0,0.0,0.0,0.0,0.0,0.0,0.0,0.0,0.0,0.0,0.0,0.0,0.0,0.0,0.0,0.0,0.0,0.0,0.0,0.0,0.0,0.0,0.0,0.0,0.0,0.0,0.0,0.0,0.0,0.0,0.0,0.0,0.0,0.0,0.0,0.0,0.0,0.0,0.0,0.0,0.0,0.0,0.0,0.0,0.0,0.0,0.0,0.0,0.0,0.0,0.0,0.0,0.0,0.0,0.0,0.0,0.0,0.0,0.0,0.0,0.0,0.0,0.0,0.0,0.0,0.0,0.0,0.0,0.0,0.0,0.0,0.0,0.0,0.0,0.0,0.0,0.0,0.0,0.0,0.0,0.0,0.0,0.0,0.0,0.0,0.0,0.0,0.0,0.0,0.0,0.0,0.0,0.0,0.0,0.0,0.0,0.0,0.0,0.0,0.0,0.0,0.0,0.0,0.0,0.0,0.0,0.0,0.0,0.0,0.0,0.0,0.0,0.0,0.0,0.0,0.0,0.0,0.0,0.0,0.0,0.0,0.0,0.0,0.0,0.0,0.0,0.0,0.0,0.0,0.0,0.0,0.0,0.0,0.0,0.0,0.0,0.0,0.0,0.0,0.0,0.0,0.0,0.0,0.0,0.0,0.0,0.0,0.0,0.0,0.0,0.0,0.0,0.0,0.0,0.0,0.0,0.0,0.0,0.0,0.0,0.0,0.0,0.0,0.0,0.0,0.0,0.0,0.0,0.0,0.0,0.0,0.0,0.0,0.0,0.0,0.0,0.0,0.0,0.0,0.0,0.0,0.0,0.0,0.0,0.0,0.0,0.0,0.0,0.0,0.0,0.0,0.0,0.0,0.0,0.0,0.0,0.0,0.0,0.0,0.0,0.0,0.0,0.0,0.0,0.0,0.0,0.0,0.0,0.0,0.0,0.0,0.0,0.0,0.0,0.0,0.0,0.0,0.0,0.0,0.0,0.0,0.0,0.0,0.0,0.0,0.0,0.0,0.0,0.0,0.0,0.0,0.0,0.0,0.0,0.0,0.0,0.0,0.0,0.0,0.0,0.0,0.0,0.0,0.0,0.0,0.0,0.0,0.0,0.0,0.0,0.0,0.0,0.0,0.0,0.0,0.0,0.0,0.0,0.0,0.0,0.0,0.0,0.0,0.0,0.0,0.0,0.0,0.0,0.0,0.0,0.0,0.0,0.0,0.0,0.0,0.0,0.0,0.0,0.0,0.0,0.0,0.0,0.0,0.0,0.0,0.0,0.0,0.0,0.0,0.0,0.0,0.0,0.0,0.0,0.0,0.0,0.0,0.0,0.0,0.0,0.0,0.0,0.0,0.0,0.0,0.0,0.0,0.0,0.0,0.0,0.0,0.0,0.0,0.0,0.0,0.0,0.0,0.0,0.0,0.0,0.0,0.0,0.0,0.0,0.0,0.0,0.0,0.0,0.0,0.0,0.0,0.0,0.0,0.0,0.0,0.0,0.0,0.0,0.0,0.0,0.0,0.0,0.0,0.0,0.0,0.0,0.0,0.0,0.0,0.0,0.0,0.0,0.0
Bar_Nfil_per_cross_std,0.7741002033780429,0.0,0.0,0.0,0.0,0.0,0.0,0.0,0.0,0.0,0.0,0.0,0.0,0.0,0.0,0.0,0.0,0.0,0.0,0.0,0.0,0.0,0.0,0.0,0.0,0.0,0.0,0.0,0.0,0.0,0.0,0.0,0.0,0.0,0.0,0.0,0.0,0.0,0.0,0.0,0.0,0.0,0.0,0.0,0.0,0.0,0.0,0.0,0.0,0.0,0.0,0.0,0.0,0.0,0.0,0.0,0.0,0.0,0.0,0.0,0.0,0.0,0.0,0.0,0.0,0.0,0.0,0.0,0.0,0.0,0.0,0.0,0.0,0.0,0.0,0.0,0.0,0.0,0.0,0.0,0.0,0.0,0.0,0.0,0.0,0.0,0.0,0.0,0.0,0.0,0.0,0.0,0.0,0.0,0.0,0.0,0.0,0.0,0.0,0.0,0.0,0.0,0.0,0.0,0.0,0.0,0.0,0.0,0.0,0.0,0.0,0.0,0.0,0.0,0.0,0.0,0.0,0.0,0.0,0.0,0.0,0.0,0.0,0.0,0.0,0.0,0.0,0.0,0.0,0.0,0.0,0.0,0.0,0.0,0.0,0.0,0.0,0.0,0.0,0.0,0.0,0.0,0.0,0.0,0.0,0.0,0.0,0.0,0.0,0.0,0.0,0.0,0.0,0.0,0.0,0.0,0.0,0.0,0.0,0.0,0.0,0.0,0.0,0.0,0.0,0.0,0.0,0.0,0.0,0.0,0.0,0.0,0.0,0.0,0.0,0.0,0.0,0.0,0.0,0.0,0.0,0.0,0.0,0.0,0.0,0.0,0.0,0.0,0.0,0.0,0.0,0.0,0.0,0.0,0.0,0.0,0.0,0.0,0.0,0.0,0.0,0.0,0.0,0.0,0.0,0.0,0.0,0.0,0.0,0.0,0.0,0.0,0.0,0.0,0.0,0.0,0.0,0.0,0.0,0.0,0.0,0.0,0.0,0.0,0.0,0.0,0.0,0.0,0.0,0.0,0.0,0.0,0.0,0.0,0.0,0.0,0.0,0.0,0.0,0.0,0.0,0.0,0.0,0.0,0.0,0.0,0.0,0.0,0.0,0.0,0.0,0.0,0.0,0.0,0.0,0.0,0.0,0.0,0.0,0.0,0.0,0.0,0.0,0.0,0.0,0.0,0.0,0.0,0.0,0.0,0.0,0.0,0.0,0.0,0.0,0.0,0.0,0.0,0.0,0.0,0.0,0.0,0.0,0.0,0.0,0.0,0.0,0.0,0.0,0.0,0.0,0.0,0.0,0.0,0.0,0.0,0.0,0.0,0.0,0.0,0.0,0.0,0.0,0.0,0.0,0.0,0.0,0.0,0.0,0.0,0.0,0.0,0.0,0.0,0.0,0.0,0.0,0.0,0.0,0.0,0.0,0.0,0.0,0.0,0.0,0.0,0.0,0.0,0.0,0.0,0.0,0.0,0.0,0.0,0.0,0.0,0.0,0.0,0.0,0.0,0.0,0.0,0.0,0.0,0.0,0.0,0.0,0.0,0.0,0.0,0.0,0.0,0.0,0.0,0.0,0.0,0.0,0.0,0.0,0.0,0.0,0.0,0.0,0.0,0.0,0.0,0.0,0.0,0.0,0.0,0.0,0.0,0.0,0.0,0.0,0.0,0.0,0.0,0.0,0.0,0.0,0.0,0.0,0.0,0.0,0.0,0.0,0.0,0.0,0.0,0.0,0.0,0.0,0.0,0.0,0.0,0.0,0.0,0.0,0.0,0.0,0.0,0.0,0.0,0.0,0.0,0.0,0.0,0.0,0.0,0.0,0.0,0.0,0.0,0.0,0.0,0.0,0.0,0.0,0.0,0.0,0.0,0.0,0.0,0.0,0.0,0.0,0.0,0.0,0.0,0.0,0.0,0.0,0.0,0.0,0.0,0.0,0.0,0.0,0.0,0.0,0.0,0.0,0.0,0.0,0.0,0.0,0.0,0.0,0.0,0.0,0.0,0.0,0.0,0.0,0.0,0.0,0.0,0.0,0.0,0.0,0.0,0.0,0.0,0.0,0.0,0.0,0.0,0.0,0.0,0.0,0.0,0.0,0.0,0.0,0.0,0.0,0.0,0.0,0.0,0.0,0.0,0.0,0.0,0.0,0.0,0.0,0.0,0.0,0.0,0.0,0.0,0.0,0.0,0.0,0.0,0.0,0.0,0.0,0.0,0.0,0.0,0.0,0.0,0.0,0.0,0.0,0.0,0.0,0.0,0.0,0.0,0.0,0.0,0.0,0.0,0.0,0.0,0.0,0.0,0.0,0.0,0.0,0.0,0.0,0.0,0.0,0.0,0.0,0.0,0.0,0.0,0.0,0.0,0.0,0.0,0.0,0.0,0.0,0.0,0.0,0.0,0.0,0.0,0.0,0.0,0.0,0.0,0.0,0.0,0.0,0.0,0.0,0.0,0.0,0.0,0.0,0.0,0.0,0.0,0.0,0.0,0.0,0.0,0.0,0.0,0.0,0.0,0.0,0.0,0.0,0.0,0.0,0.0,0.0,0.0,0.0,0.0,0.0,0.0,0.0,0.0,0.0,0.0,0.0,0.0,0.0,0.0,0.0,0.0,0.0,0.0,0.0,0.0,0.0,0.0,0.0,0.0,0.0,0.0,0.0
Mean_Nfpc_1_fil,0.0,0.0,2.0,3.0,3.0,6.0,7.0,7.0,8.0,11.0,11.0,12.0,13.0,14.0,15.0,18.0,19.0,22.0,23.0,23.0,26.0,28.0,29.0,32.0,35.0,38.0,37.0,38.0,43.0,46.0,49.0,53.0,57.0,59.0,62.0,69.0,69.0,74.0,76.0,80.0,81.0,82.0,86.0,88.0,94.0,95.0,96.0,97.0,98.0,99.0,103.0,106.0,107.0,110.0,116.0,120.0,121.0,126.0,129.0,130.0,136.0,138.0,142.0,142.0,142.0,145.0,146.0,150.0,156.0,161.0,162.0,167.0,168.0,172.0,175.0,181.0,186.0,187.0,194.0,197.0,200.0,209.0,205.0,209.0,217.0,217.0,222.0,226.0,223.0,226.0,226.0,229.0,231.0,231.0,233.0,230.0,237.0,236.0,239.0,242.0,242.0,240.0,242.0,243.0,245.0,243.0,242.0,244.0,247.0,246.0,246.0,247.0,247.0,250.0,249.0,248.0,245.0,246.0,245.0,241.0,241.0,242.0,242.0,246.0,248.0,249.0,248.0,250.0,253.0,249.0,250.0,253.0,253.0,256.0,257.0,255.0,257.0,259.0,267.0,273.0,275.0,280.0,280.0,277.0,280.0,285.0,279.0,283.0,284.0,287.0,290.0,289.0,295.0,295.0,297.0,295.0,299.0,300.0,304.0,305.0,304.0,302.0,302.0,303.0,305.0,305.0,305.0,303.0,308.0,305.0,310.0,308.0,309.0,308.0,307.0,310.0,316.0,317.0,314.0,313.0,313.0,311.0,311.0,315.0,318.0,315.0,314.0,316.0,319.0,321.0,323.0,325.0,324.0,322.0,322.0,325.0,331.0,330.0,326.0,322.0,321.0,322.0,324.0,324.0,319.0,316.0,313.0,314.0,315.0,314.0,314.0,315.0,314.0,315.0,313.0,313.0,311.0,315.0,316.0,318.0,318.0,318.0,317.0,317.0,321.0,324.0,323.0,323.0,320.0,321.0,321.0,320.0,323.0,321.0,323.0,324.0,324.0,324.0,326.0,323.0,322.0,321.0,323.0,325.0,324.0,326.0,328.0,329.0,329.0,334.0,332.0,334.0,336.0,335.0,334.0,335.0,333.0,339.0,338.0,336.0,336.0,335.0,336.0,339.0,339.0,338.0,336.0,336.0,338.0,337.0,339.0,339.0,339.0,340.0,339.0,343.0,343.0,343.0,343.0,345.0,347.0,350.0,350.0,351.0,348.0,349.0,351.0,354.0,356.0,354.0,354.0,353.0,351.0,353.0,350.0,353.0,353.0,354.0,354.0,353.0,351.0,351.0,348.0,349.0,346.0,344.0,342.0,345.0,346.0,343.0,342.0,342.0,344.0,345.0,344.0,344.0,346.0,346.0,345.0,343.0,340.0,338.0,338.0,338.0,338.0,336.0,337.0,334.0,334.0,336.0,332.0,330.0,329.0,329.0,328.0,326.0,325.0,325.0,322.0,322.0,321.0,322.0,321.0,321.0,320.0,319.0,320.0,318.0,318.0,319.0,320.0,320.0,320.0,320.0,320.0,319.0,321.0,321.0,321.0,322.0,325.0,324.0,325.0,325.0,325.0,323.0,323.0,323.0,324.0,323.0,322.0,321.0,322.0,323.0,322.0,323.0,323.0,324.0,322.0,322.0,322.0,322.0,322.0,323.0,321.0,322.0,321.0,322.0,322.0,322.0,321.0,319.0,319.0,318.0,320.0,319.0,317.0,317.0,314.0,313.0,312.0,310.0,311.0,311.0,311.0,311.0,311.0,311.0,310.0,310.0,308.0,310.0,309.0,310.0,310.0,310.0,309.0,309.0,308.0,308.0,308.0,308.0,307.0,306.0,306.0,306.0,306.0,305.0,304.0,304.0,303.0,302.0,302.0,301.0,300.0,300.0,300.0,298.0,297.0,296.0,297.0,298.0,297.0,297.0,297.0,295.0,294.0,295.0,296.0,295.0,294.0,294.0,294.0,294.0,294.0,293.0,294.0,293.0,293.0,293.0,292.0,292.0,293.0,293.0,293.0,293.0,294.0,293.0,293.0,293.0,293.0,294.0,291.0,291.0,288.0,287.0,286.0,285.0,287.0,287.0,288.0,287.0,288.0,288.0,288.0,287.0,287.0,286.0,287.0,286.0,287.0,285.0,282.0,282.0,282.0,281.0,280.0,280.0,280.0,278.0,277.0,275.0,274.0,274.0,273.0,271.0,272.0,272.0,271.0,271.0,271.0,271.0,270.0,270.0,271.0,269.0,268.0,266.0,267.0,266.0,268.0,269.0,271.0,271.0,270.0,270.0,269.0,269.0,266.0,266.0,265.0,265.0,265.0,265.0,262.0,262.0,262.0,262.0,260.0,260.0,260.0,260.0,259.0,259.0,259.0,260.0,261.0,260.0,258.0,258.0,258.0,257.0,256.0,258.0,257.0,255.0,254.0,254.0,254.0,256.0,255.0,254.0,254.0,252.0,252.0,251.0,251.0,249.0,247.0,247.0,247.0,247.0,245.0,245.0,245.0,245.0,245.0,244.0,244.0,244.0,245.0,246.0,246.0,246.0,246.0,245.0,245.0,244.0,245.0,245.0,245.0,245.0,245.0,246.0,246.0,246.0,246.0,243.0,243.0,243.0,243.0
Std_Npc_1_fil,0.0,0.0,0.0,0.0,0.0,0.0,0.0,0.0,0.0,0.0,0.0,0.0,0.0,0.0,0.0,0.0,0.0,0.0,0.0,0.0,0.0,0.0,0.0,0.0,0.0,0.0,0.0,0.0,0.0,0.0,0.0,0.0,0.0,0.0,0.0,0.0,0.0,0.0,0.0,0.0,0.0,0.0,0.0,0.0,0.0,0.0,0.0,0.0,0.0,0.0,0.0,0.0,0.0,0.0,0.0,0.0,0.0,0.0,0.0,0.0,0.0,0.0,0.0,0.0,0.0,0.0,0.0,0.0,0.0,0.0,0.0,0.0,0.0,0.0,0.0,0.0,0.0,0.0,0.0,0.0,0.0,0.0,0.0,0.0,0.0,0.0,0.0,0.0,0.0,0.0,0.0,0.0,0.0,0.0,0.0,0.0,0.0,0.0,0.0,0.0,0.0,0.0,0.0,0.0,0.0,0.0,0.0,0.0,0.0,0.0,0.0,0.0,0.0,0.0,0.0,0.0,0.0,0.0,0.0,0.0,0.0,0.0,0.0,0.0,0.0,0.0,0.0,0.0,0.0,0.0,0.0,0.0,0.0,0.0,0.0,0.0,0.0,0.0,0.0,0.0,0.0,0.0,0.0,0.0,0.0,0.0,0.0,0.0,0.0,0.0,0.0,0.0,0.0,0.0,0.0,0.0,0.0,0.0,0.0,0.0,0.0,0.0,0.0,0.0,0.0,0.0,0.0,0.0,0.0,0.0,0.0,0.0,0.0,0.0,0.0,0.0,0.0,0.0,0.0,0.0,0.0,0.0,0.0,0.0,0.0,0.0,0.0,0.0,0.0,0.0,0.0,0.0,0.0,0.0,0.0,0.0,0.0,0.0,0.0,0.0,0.0,0.0,0.0,0.0,0.0,0.0,0.0,0.0,0.0,0.0,0.0,0.0,0.0,0.0,0.0,0.0,0.0,0.0,0.0,0.0,0.0,0.0,0.0,0.0,0.0,0.0,0.0,0.0,0.0,0.0,0.0,0.0,0.0,0.0,0.0,0.0,0.0,0.0,0.0,0.0,0.0,0.0,0.0,0.0,0.0,0.0,0.0,0.0,0.0,0.0,0.0,0.0,0.0,0.0,0.0,0.0,0.0,0.0,0.0,0.0,0.0,0.0,0.0,0.0,0.0,0.0,0.0,0.0,0.0,0.0,0.0,0.0,0.0,0.0,0.0,0.0,0.0,0.0,0.0,0.0,0.0,0.0,0.0,0.0,0.0,0.0,0.0,0.0,0.0,0.0,0.0,0.0,0.0,0.0,0.0,0.0,0.0,0.0,0.0,0.0,0.0,0.0,0.0,0.0,0.0,0.0,0.0,0.0,0.0,0.0,0.0,0.0,0.0,0.0,0.0,0.0,0.0,0.0,0.0,0.0,0.0,0.0,0.0,0.0,0.0,0.0,0.0,0.0,0.0,0.0,0.0,0.0,0.0,0.0,0.0,0.0,0.0,0.0,0.0,0.0,0.0,0.0,0.0,0.0,0.0,0.0,0.0,0.0,0.0,0.0,0.0,0.0,0.0,0.0,0.0,0.0,0.0,0.0,0.0,0.0,0.0,0.0,0.0,0.0,0.0,0.0,0.0,0.0,0.0,0.0,0.0,0.0,0.0,0.0,0.0,0.0,0.0,0.0,0.0,0.0,0.0,0.0,0.0,0.0,0.0,0.0,0.0,0.0,0.0,0.0,0.0,0.0,0.0,0.0,0.0,0.0,0.0,0.0,0.0,0.0,0.0,0.0,0.0,0.0,0.0,0.0,0.0,0.0,0.0,0.0,0.0,0.0,0.0,0.0,0.0,0.0,0.0,0.0,0.0,0.0,0.0,0.0,0.0,0.0,0.0,0.0,0.0,0.0,0.0,0.0,0.0,0.0,0.0,0.0,0.0,0.0,0.0,0.0,0.0,0.0,0.0,0.0,0.0,0.0,0.0,0.0,0.0,0.0,0.0,0.0,0.0,0.0,0.0,0.0,0.0,0.0,0.0,0.0,0.0,0.0,0.0,0.0,0.0,0.0,0.0,0.0,0.0,0.0,0.0,0.0,0.0,0.0,0.0,0.0,0.0,0.0,0.0,0.0,0.0,0.0,0.0,0.0,0.0,0.0,0.0,0.0,0.0,0.0,0.0,0.0,0.0,0.0,0.0,0.0,0.0,0.0,0.0,0.0,0.0,0.0,0.0,0.0,0.0,0.0,0.0,0.0,0.0,0.0,0.0,0.0,0.0,0.0,0.0,0.0,0.0,0.0,0.0,0.0,0.0,0.0,0.0,0.0,0.0,0.0,0.0,0.0,0.0,0.0,0.0,0.0,0.0,0.0,0.0,0.0,0.0,0.0,0.0,0.0,0.0,0.0,0.0,0.0,0.0,0.0,0.0,0.0,0.0,0.0,0.0,0.0,0.0,0.0,0.0,0.0,0.0,0.0,0.0,0.0,0.0,0.0,0.0,0.0,0.0,0.0,0.0,0.0,0.0,0.0,0.0,0.0,0.0,0.0,0.0,0.0,0.0,0.0,0.0,0.0,0.0,0.0,0.0,0.0,0.0,0.0,0.0,0.0,0.0,0.0,0.0,0.0,0.0,0.0,0.0,0.0,0.0,0.0,0.0,0.0,0.0,0.0,0.0
Mean_Nfpc_2_fil,0.0,0.0,0.0,0.0,0.0,0.0,0.0,0.0,0.0,0.0,0.0,0.0,0.0,0.0,0.0,0.0,0.0,0.0,0.0,0.0,0.0,0.0,0.0,0.0,0.0,1.0,2.0,2.0,2.0,2.0,2.0,2.0,2.0,2.0,2.0,2.0,3.0,3.0,4.0,4.0,5.0,6.0,7.0,7.0,8.0,7.0,8.0,8.0,8.0,8.0,8.0,8.0,9.0,10.0,10.0,10.0,11.0,10.0,12.0,14.0,15.0,16.0,17.0,20.0,24.0,23.0,24.0,25.0,25.0,26.0,28.0,29.0,32.0,32.0,32.0,33.0,34.0,35.0,37.0,40.0,42.0,45.0,51.0,51.0,52.0,56.0,59.0,62.0,68.0,67.0,71.0,70.0,73.0,78.0,79.0,84.0,86.0,88.0,92.0,93.0,94.0,98.0,101.0,102.0,105.0,106.0,110.0,113.0,112.0,118.0,120.0,125.0,130.0,132.0,138.0,144.0,151.0,152.0,157.0,162.0,167.0,172.0,176.0,177.0,179.0,183.0,181.0,183.0,183.0,189.0,190.0,191.0,193.0,195.0,198.0,202.0,203.0,203.0,203.0,205.0,206.0,209.0,214.0,220.0,221.0,218.0,222.0,222.0,222.0,220.0,219.0,223.0,224.0,227.0,228.0,228.0,227.0,231.0,229.0,232.0,238.0,244.0,245.0,247.0,249.0,253.0,253.0,255.0,256.0,261.0,260.0,266.0,271.0,273.0,273.0,274.0,275.0,277.0,280.0,284.0,288.0,288.0,293.0,292.0,294.0,296.0,295.0,298.0,299.0,303.0,304.0,305.0,310.0,311.0,312.0,313.0,311.0,311.0,313.0,318.0,320.0,320.0,324.0,327.0,331.0,335.0,337.0,341.0,341.0,343.0,348.0,347.0,347.0,350.0,354.0,355.0,360.0,359.0,359.0,360.0,359.0,360.0,361.0,361.0,360.0,361.0,363.0,364.0,367.0,367.0,369.0,372.0,375.0,378.0,379.0,381.0,378.0,380.0,380.0,382.0,385.0,387.0,389.0,388.0,390.0,388.0,389.0,388.0,388.0,387.0,390.0,389.0,390.0,389.0,389.0,387.0,391.0,392.0,395.0,395.0,396.0,396.0,395.0,395.0,397.0,398.0,402.0,401.0,400.0,403.0,405.0,405.0,405.0,408.0,409.0,408.0,409.0,408.0,410.0,409.0,408.0,406.0,407.0,407.0,410.0,408.0,412.0,413.0,411.0,413.0,414.0,414.0,416.0,414.0,419.0,420.0,421.0,421.0,421.0,422.0,427.0,429.0,433.0,433.0,438.0,437.0,438.0,439.0,441.0,444.0,446.0,446.0,442.0,440.0,442.0,443.0,444.0,447.0,449.0,450.0,453.0,455.0,454.0,453.0,454.0,454.0,454.0,457.0,457.0,457.0,457.0,459.0,460.0,459.0,461.0,462.0,463.0,462.0,464.0,465.0,466.0,466.0,465.0,465.0,466.0,466.0,466.0,468.0,468.0,468.0,468.0,469.0,469.0,468.0,466.0,466.0,466.0,465.0,465.0,468.0,465.0,467.0,464.0,465.0,468.0,466.0,465.0,466.0,464.0,466.0,467.0,468.0,467.0,467.0,466.0,466.0,466.0,464.0,465.0,465.0,464.0,463.0,466.0,467.0,466.0,465.0,464.0,464.0,464.0,464.0,464.0,466.0,466.0,465.0,464.0,463.0,464.0,462.0,468.0,469.0,469.0,470.0,469.0,469.0,469.0,469.0,469.0,469.0,468.0,467.0,466.0,464.0,466.0,465.0,463.0,463.0,464.0,465.0,466.0,467.0,466.0,466.0,465.0,467.0,467.0,467.0,466.0,467.0,469.0,469.0,470.0,469.0,470.0,470.0,470.0,470.0,472.0,473.0,474.0,474.0,472.0,471.0,472.0,473.0,472.0,473.0,474.0,474.0,473.0,474.0,474.0,475.0,472.0,472.0,473.0,474.0,474.0,475.0,476.0,477.0,478.0,477.0,475.0,475.0,476.0,476.0,473.0,474.0,474.0,473.0,472.0,472.0,476.0,475.0,478.0,479.0,479.0,479.0,477.0,478.0,478.0,479.0,479.0,480.0,478.0,478.0,475.0,476.0,475.0,475.0,475.0,477.0,480.0,480.0,480.0,481.0,481.0,481.0,480.0,483.0,484.0,484.0,484.0,485.0,487.0,489.0,487.0,484.0,486.0,487.0,487.0,487.0,488.0,486.0,486.0,488.0,490.0,492.0,491.0,492.0,492.0,489.0,489.0,488.0,490.0,489.0,490.0,490.0,492.0,492.0,491.0,491.0,491.0,491.0,494.0,494.0,493.0,493.0,493.0,493.0,492.0,492.0,493.0,492.0,491.0,491.0,491.0,490.0,494.0,493.0,494.0,495.0,495.0,492.0,493.0,495.0,497.0,497.0,496.0,494.0,495.0,493.0,493.0,494.0,493.0,493.0,492.0,492.0,494.0,494.0,495.0,495.0,496.0,497.0,496.0,496.0,495.0,495.0,496.0,492.0,491.0,490.0,490.0,489.0,488.0,489.0,489.0,490.0,487.0,488.0,487.0,485.0,484.0,484.0,483.0,482.0,482.0,485.0,485.0,484.0,484.0
Std_Nfpc_2_fil,0.0,0.0,0.0,0.0,0.0,0.0,0.0,0.0,0.0,0.0,0.0,0.0,0.0,0.0,0.0,0.0,0.0,0.0,0.0,0.0,0.0,0.0,0.0,0.0,0.0,0.0,0.0,0.0,0.0,0.0,0.0,0.0,0.0,0.0,0.0,0.0,0.0,0.0,0.0,0.0,0.0,0.0,0.0,0.0,0.0,0.0,0.0,0.0,0.0,0.0,0.0,0.0,0.0,0.0,0.0,0.0,0.0,0.0,0.0,0.0,0.0,0.0,0.0,0.0,0.0,0.0,0.0,0.0,0.0,0.0,0.0,0.0,0.0,0.0,0.0,0.0,0.0,0.0,0.0,0.0,0.0,0.0,0.0,0.0,0.0,0.0,0.0,0.0,0.0,0.0,0.0,0.0,0.0,0.0,0.0,0.0,0.0,0.0,0.0,0.0,0.0,0.0,0.0,0.0,0.0,0.0,0.0,0.0,0.0,0.0,0.0,0.0,0.0,0.0,0.0,0.0,0.0,0.0,0.0,0.0,0.0,0.0,0.0,0.0,0.0,0.0,0.0,0.0,0.0,0.0,0.0,0.0,0.0,0.0,0.0,0.0,0.0,0.0,0.0,0.0,0.0,0.0,0.0,0.0,0.0,0.0,0.0,0.0,0.0,0.0,0.0,0.0,0.0,0.0,0.0,0.0,0.0,0.0,0.0,0.0,0.0,0.0,0.0,0.0,0.0,0.0,0.0,0.0,0.0,0.0,0.0,0.0,0.0,0.0,0.0,0.0,0.0,0.0,0.0,0.0,0.0,0.0,0.0,0.0,0.0,0.0,0.0,0.0,0.0,0.0,0.0,0.0,0.0,0.0,0.0,0.0,0.0,0.0,0.0,0.0,0.0,0.0,0.0,0.0,0.0,0.0,0.0,0.0,0.0,0.0,0.0,0.0,0.0,0.0,0.0,0.0,0.0,0.0,0.0,0.0,0.0,0.0,0.0,0.0,0.0,0.0,0.0,0.0,0.0,0.0,0.0,0.0,0.0,0.0,0.0,0.0,0.0,0.0,0.0,0.0,0.0,0.0,0.0,0.0,0.0,0.0,0.0,0.0,0.0,0.0,0.0,0.0,0.0,0.0,0.0,0.0,0.0,0.0,0.0,0.0,0.0,0.0,0.0,0.0,0.0,0.0,0.0,0.0,0.0,0.0,0.0,0.0,0.0,0.0,0.0,0.0,0.0,0.0,0.0,0.0,0.0,0.0,0.0,0.0,0.0,0.0,0.0,0.0,0.0,0.0,0.0,0.0,0.0,0.0,0.0,0.0,0.0,0.0,0.0,0.0,0.0,0.0,0.0,0.0,0.0,0.0,0.0,0.0,0.0,0.0,0.0,0.0,0.0,0.0,0.0,0.0,0.0,0.0,0.0,0.0,0.0,0.0,0.0,0.0,0.0,0.0,0.0,0.0,0.0,0.0,0.0,0.0,0.0,0.0,0.0,0.0,0.0,0.0,0.0,0.0,0.0,0.0,0.0,0.0,0.0,0.0,0.0,0.0,0.0,0.0,0.0,0.0,0.0,0.0,0.0,0.0,0.0,0.0,0.0,0.0,0.0,0.0,0.0,0.0,0.0,0.0,0.0,0.0,0.0,0.0,0.0,0.0,0.0,0.0,0.0,0.0,0.0,0.0,0.0,0.0,0.0,0.0,0.0,0.0,0.0,0.0,0.0,0.0,0.0,0.0,0.0,0.0,0.0,0.0,0.0,0.0,0.0,0.0,0.0,0.0,0.0,0.0,0.0,0.0,0.0,0.0,0.0,0.0,0.0,0.0,0.0,0.0,0.0,0.0,0.0,0.0,0.0,0.0,0.0,0.0,0.0,0.0,0.0,0.0,0.0,0.0,0.0,0.0,0.0,0.0,0.0,0.0,0.0,0.0,0.0,0.0,0.0,0.0,0.0,0.0,0.0,0.0,0.0,0.0,0.0,0.0,0.0,0.0,0.0,0.0,0.0,0.0,0.0,0.0,0.0,0.0,0.0,0.0,0.0,0.0,0.0,0.0,0.0,0.0,0.0,0.0,0.0,0.0,0.0,0.0,0.0,0.0,0.0,0.0,0.0,0.0,0.0,0.0,0.0,0.0,0.0,0.0,0.0,0.0,0.0,0.0,0.0,0.0,0.0,0.0,0.0,0.0,0.0,0.0,0.0,0.0,0.0,0.0,0.0,0.0,0.0,0.0,0.0,0.0,0.0,0.0,0.0,0.0,0.0,0.0,0.0,0.0,0.0,0.0,0.0,0.0,0.0,0.0,0.0,0.0,0.0,0.0,0.0,0.0,0.0,0.0,0.0,0.0,0.0,0.0,0.0,0.0,0.0,0.0,0.0,0.0,0.0,0.0,0.0,0.0,0.0,0.0,0.0,0.0,0.0,0.0,0.0,0.0,0.0,0.0,0.0,0.0,0.0,0.0,0.0,0.0,0.0,0.0,0.0,0.0,0.0,0.0,0.0,0.0,0.0,0.0,0.0,0.0,0.0,0.0,0.0,0.0,0.0,0.0,0.0,0.0,0.0,0.0,0.0,0.0,0.0,0.0,0.0,0.0,0.0,0.0,0.0,0.0,0.0,0.0,0.0,0.0,0.0,0.0,0.0,0.0,0.0,0.0,0.0,0.0,0.0
Mean_Nfpc_3_fil,0.0,0.0,0.0,0.0,0.0,0.0,0.0,0.0,0.0,0.0,0.0,0.0,0.0,0.0,0.0,0.0,0.0,0.0,0.0,0.0,0.0,0.0,0.0,0.0,0.0,0.0,0.0,0.0,0.0,0.0,0.0,0.0,0.0,0.0,0.0,0.0,0.0,0.0,0.0,0.0,0.0,0.0,0.0,0.0,0.0,1.0,2.0,3.0,3.0,3.0,3.0,3.0,3.0,3.0,3.0,3.0,3.0,4.0,4.0,4.0,4.0,4.0,4.0,4.0,4.0,5.0,5.0,5.0,5.0,5.0,5.0,5.0,5.0,5.0,5.0,5.0,5.0,5.0,5.0,6.0,6.0,6.0,6.0,6.0,6.0,6.0,6.0,6.0,6.0,8.0,8.0,10.0,10.0,10.0,12.0,12.0,12.0,13.0,13.0,14.0,15.0,16.0,16.0,18.0,18.0,19.0,21.0,21.0,23.0,23.0,24.0,24.0,23.0,25.0,25.0,25.0,25.0,25.0,25.0,26.0,26.0,26.0,26.0,28.0,29.0,30.0,34.0,36.0,37.0,38.0,38.0,39.0,41.0,41.0,41.0,42.0,43.0,46.0,46.0,46.0,47.0,47.0,48.0,49.0,49.0,54.0,57.0,57.0,58.0,61.0,63.0,63.0,63.0,64.0,66.0,67.0,69.0,70.0,71.0,69.0,69.0,69.0,70.0,70.0,70.0,70.0,70.0,71.0,71.0,71.0,72.0,73.0,73.0,73.0,76.0,75.0,77.0,78.0,78.0,79.0,78.0,80.0,80.0,83.0,82.0,83.0,85.0,85.0,86.0,85.0,86.0,86.0,86.0,88.0,89.0,91.0,93.0,96.0,99.0,99.0,99.0,100.0,99.0,99.0,101.0,101.0,102.0,103.0,105.0,106.0,106.0,108.0,111.0,111.0,112.0,114.0,114.0,116.0,117.0,118.0,122.0,122.0,123.0,124.0,124.0,125.0,126.0,127.0,126.0,125.0,125.0,125.0,124.0,123.0,122.0,121.0,125.0,125.0,125.0,125.0,126.0,127.0,128.0,131.0,131.0,132.0,132.0,134.0,134.0,134.0,135.0,135.0,134.0,136.0,138.0,140.0,140.0,139.0,139.0,140.0,140.0,142.0,143.0,143.0,143.0,143.0,143.0,144.0,144.0,144.0,143.0,143.0,144.0,142.0,142.0,142.0,141.0,142.0,141.0,141.0,142.0,144.0,145.0,145.0,145.0,146.0,144.0,144.0,146.0,147.0,147.0,149.0,149.0,150.0,149.0,149.0,150.0,150.0,151.0,151.0,150.0,149.0,147.0,148.0,147.0,150.0,152.0,152.0,153.0,153.0,152.0,152.0,154.0,154.0,154.0,154.0,154.0,152.0,153.0,154.0,154.0,154.0,155.0,156.0,155.0,157.0,157.0,157.0,156.0,156.0,160.0,160.0,161.0,162.0,162.0,162.0,162.0,163.0,164.0,164.0,165.0,165.0,167.0,168.0,168.0,169.0,169.0,168.0,168.0,169.0,170.0,170.0,170.0,171.0,173.0,173.0,171.0,172.0,172.0,169.0,170.0,169.0,171.0,171.0,168.0,171.0,172.0,172.0,174.0,173.0,173.0,173.0,174.0,174.0,177.0,177.0,177.0,179.0,180.0,181.0,182.0,183.0,179.0,178.0,181.0,180.0,181.0,181.0,181.0,182.0,183.0,183.0,183.0,185.0,185.0,187.0,188.0,190.0,187.0,187.0,187.0,187.0,188.0,188.0,189.0,189.0,189.0,189.0,191.0,192.0,196.0,197.0,196.0,196.0,198.0,198.0,198.0,197.0,197.0,195.0,196.0,196.0,197.0,196.0,196.0,196.0,197.0,197.0,196.0,196.0,196.0,197.0,196.0,197.0,198.0,199.0,197.0,198.0,198.0,199.0,200.0,200.0,200.0,199.0,200.0,201.0,200.0,199.0,199.0,199.0,200.0,199.0,202.0,202.0,201.0,201.0,200.0,200.0,199.0,198.0,198.0,199.0,200.0,200.0,199.0,199.0,201.0,201.0,201.0,202.0,203.0,203.0,202.0,203.0,203.0,203.0,204.0,205.0,205.0,206.0,205.0,205.0,203.0,202.0,204.0,205.0,208.0,208.0,208.0,209.0,209.0,209.0,209.0,209.0,209.0,208.0,208.0,208.0,209.0,209.0,209.0,210.0,212.0,213.0,213.0,212.0,213.0,216.0,215.0,214.0,214.0,214.0,214.0,216.0,215.0,215.0,214.0,214.0,214.0,214.0,211.0,213.0,211.0,212.0,210.0,211.0,211.0,211.0,212.0,212.0,214.0,215.0,216.0,217.0,217.0,217.0,217.0,216.0,217.0,217.0,218.0,218.0,217.0,218.0,220.0,218.0,217.0,219.0,217.0,217.0,217.0,216.0,217.0,217.0,217.0,217.0,217.0,217.0,217.0,217.0,217.0,220.0,220.0,221.0,222.0,224.0,224.0,226.0,228.0,228.0,227.0,228.0,229.0,228.0,229.0,230.0,231.0,233.0,231.0,235.0,235.0,234.0,234.0,235.0,236.0,236.0,235.0,234.0,236.0,235.0,236.0,238.0,239.0,238.0,240.0,242.0,242.0,242.0,242.0,242.0,242.0
Std_Nfpc_3_fil,0.0,0.0,0.0,0.0,0.0,0.0,0.0,0.0,0.0,0.0,0.0,0.0,0.0,0.0,0.0,0.0,0.0,0.0,0.0,0.0,0.0,0.0,0.0,0.0,0.0,0.0,0.0,0.0,0.0,0.0,0.0,0.0,0.0,0.0,0.0,0.0,0.0,0.0,0.0,0.0,0.0,0.0,0.0,0.0,0.0,0.0,0.0,0.0,0.0,0.0,0.0,0.0,0.0,0.0,0.0,0.0,0.0,0.0,0.0,0.0,0.0,0.0,0.0,0.0,0.0,0.0,0.0,0.0,0.0,0.0,0.0,0.0,0.0,0.0,0.0,0.0,0.0,0.0,0.0,0.0,0.0,0.0,0.0,0.0,0.0,0.0,0.0,0.0,0.0,0.0,0.0,0.0,0.0,0.0,0.0,0.0,0.0,0.0,0.0,0.0,0.0,0.0,0.0,0.0,0.0,0.0,0.0,0.0,0.0,0.0,0.0,0.0,0.0,0.0,0.0,0.0,0.0,0.0,0.0,0.0,0.0,0.0,0.0,0.0,0.0,0.0,0.0,0.0,0.0,0.0,0.0,0.0,0.0,0.0,0.0,0.0,0.0,0.0,0.0,0.0,0.0,0.0,0.0,0.0,0.0,0.0,0.0,0.0,0.0,0.0,0.0,0.0,0.0,0.0,0.0,0.0,0.0,0.0,0.0,0.0,0.0,0.0,0.0,0.0,0.0,0.0,0.0,0.0,0.0,0.0,0.0,0.0,0.0,0.0,0.0,0.0,0.0,0.0,0.0,0.0,0.0,0.0,0.0,0.0,0.0,0.0,0.0,0.0,0.0,0.0,0.0,0.0,0.0,0.0,0.0,0.0,0.0,0.0,0.0,0.0,0.0,0.0,0.0,0.0,0.0,0.0,0.0,0.0,0.0,0.0,0.0,0.0,0.0,0.0,0.0,0.0,0.0,0.0,0.0,0.0,0.0,0.0,0.0,0.0,0.0,0.0,0.0,0.0,0.0,0.0,0.0,0.0,0.0,0.0,0.0,0.0,0.0,0.0,0.0,0.0,0.0,0.0,0.0,0.0,0.0,0.0,0.0,0.0,0.0,0.0,0.0,0.0,0.0,0.0,0.0,0.0,0.0,0.0,0.0,0.0,0.0,0.0,0.0,0.0,0.0,0.0,0.0,0.0,0.0,0.0,0.0,0.0,0.0,0.0,0.0,0.0,0.0,0.0,0.0,0.0,0.0,0.0,0.0,0.0,0.0,0.0,0.0,0.0,0.0,0.0,0.0,0.0,0.0,0.0,0.0,0.0,0.0,0.0,0.0,0.0,0.0,0.0,0.0,0.0,0.0,0.0,0.0,0.0,0.0,0.0,0.0,0.0,0.0,0.0,0.0,0.0,0.0,0.0,0.0,0.0,0.0,0.0,0.0,0.0,0.0,0.0,0.0,0.0,0.0,0.0,0.0,0.0,0.0,0.0,0.0,0.0,0.0,0.0,0.0,0.0,0.0,0.0,0.0,0.0,0.0,0.0,0.0,0.0,0.0,0.0,0.0,0.0,0.0,0.0,0.0,0.0,0.0,0.0,0.0,0.0,0.0,0.0,0.0,0.0,0.0,0.0,0.0,0.0,0.0,0.0,0.0,0.0,0.0,0.0,0.0,0.0,0.0,0.0,0.0,0.0,0.0,0.0,0.0,0.0,0.0,0.0,0.0,0.0,0.0,0.0,0.0,0.0,0.0,0.0,0.0,0.0,0.0,0.0,0.0,0.0,0.0,0.0,0.0,0.0,0.0,0.0,0.0,0.0,0.0,0.0,0.0,0.0,0.0,0.0,0.0,0.0,0.0,0.0,0.0,0.0,0.0,0.0,0.0,0.0,0.0,0.0,0.0,0.0,0.0,0.0,0.0,0.0,0.0,0.0,0.0,0.0,0.0,0.0,0.0,0.0,0.0,0.0,0.0,0.0,0.0,0.0,0.0,0.0,0.0,0.0,0.0,0.0,0.0,0.0,0.0,0.0,0.0,0.0,0.0,0.0,0.0,0.0,0.0,0.0,0.0,0.0,0.0,0.0,0.0,0.0,0.0,0.0,0.0,0.0,0.0,0.0,0.0,0.0,0.0,0.0,0.0,0.0,0.0,0.0,0.0,0.0,0.0,0.0,0.0,0.0,0.0,0.0,0.0,0.0,0.0,0.0,0.0,0.0,0.0,0.0,0.0,0.0,0.0,0.0,0.0,0.0,0.0,0.0,0.0,0.0,0.0,0.0,0.0,0.0,0.0,0.0,0.0,0.0,0.0,0.0,0.0,0.0,0.0,0.0,0.0,0.0,0.0,0.0,0.0,0.0,0.0,0.0,0.0,0.0,0.0,0.0,0.0,0.0,0.0,0.0,0.0,0.0,0.0,0.0,0.0,0.0,0.0,0.0,0.0,0.0,0.0,0.0,0.0,0.0,0.0,0.0,0.0,0.0,0.0,0.0,0.0,0.0,0.0,0.0,0.0,0.0,0.0,0.0,0.0,0.0,0.0,0.0,0.0,0.0,0.0,0.0,0.0,0.0,0.0,0.0,0.0,0.0,0.0,0.0,0.0,0.0,0.0,0.0,0.0,0.0,0.0,0.0,0.0,0.0,0.0,0.0,0.0,0.0,0.0,0.0,0.0
Mean_Nfpc_4_fil,0.0,0.0,0.0,0.0,0.0,0.0,0.0,0.0,0.0,0.0,0.0,0.0,0.0,0.0,0.0,0.0,0.0,0.0,0.0,0.0,0.0,0.0,0.0,0.0,0.0,0.0,0.0,0.0,0.0,0.0,0.0,0.0,0.0,0.0,0.0,0.0,0.0,0.0,0.0,0.0,0.0,0.0,0.0,0.0,0.0,0.0,0.0,0.0,0.0,0.0,0.0,0.0,0.0,0.0,0.0,0.0,0.0,0.0,0.0,0.0,0.0,0.0,0.0,0.0,0.0,0.0,0.0,0.0,0.0,0.0,0.0,0.0,0.0,0.0,0.0,0.0,0.0,0.0,0.0,0.0,0.0,0.0,0.0,0.0,0.0,0.0,0.0,0.0,0.0,0.0,0.0,0.0,0.0,0.0,0.0,0.0,0.0,0.0,0.0,0.0,0.0,0.0,0.0,0.0,0.0,0.0,0.0,0.0,0.0,0.0,0.0,0.0,0.0,0.0,0.0,0.0,0.0,0.0,0.0,0.0,0.0,0.0,0.0,0.0,0.0,0.0,0.0,0.0,0.0,0.0,0.0,0.0,0.0,0.0,0.0,0.0,0.0,0.0,0.0,0.0,0.0,0.0,0.0,0.0,0.0,0.0,0.0,0.0,0.0,0.0,0.0,0.0,0.0,0.0,0.0,0.0,0.0,0.0,0.0,1.0,1.0,1.0,1.0,1.0,1.0,1.0,1.0,1.0,1.0,1.0,1.0,1.0,1.0,1.0,1.0,1.0,1.0,1.0,1.0,1.0,1.0,1.0,1.0,1.0,2.0,2.0,2.0,2.0,2.0,2.0,2.0,2.0,2.0,2.0,2.0,2.0,2.0,2.0,1.0,1.0,1.0,1.0,2.0,2.0,2.0,2.0,2.0,2.0,2.0,2.0,2.0,2.0,2.0,2.0,2.0,2.0,2.0,2.0,2.0,2.0,2.0,2.0,2.0,3.0,3.0,3.0,3.0,3.0,4.0,5.0,5.0,5.0,5.0,5.0,5.0,5.0,5.0,5.0,5.0,6.0,6.0,6.0,6.0,6.0,6.0,6.0,6.0,6.0,6.0,6.0,7.0,8.0,8.0,8.0,8.0,8.0,8.0,8.0,8.0,9.0,9.0,9.0,9.0,9.0,9.0,9.0,9.0,9.0,9.0,10.0,10.0,10.0,10.0,10.0,10.0,10.0,10.0,10.0,11.0,11.0,11.0,11.0,11.0,11.0,11.0,12.0,12.0,12.0,12.0,12.0,12.0,12.0,12.0,12.0,12.0,12.0,12.0,12.0,12.0,12.0,12.0,13.0,15.0,15.0,15.0,15.0,14.0,14.0,14.0,14.0,15.0,15.0,16.0,17.0,17.0,17.0,17.0,17.0,17.0,17.0,17.0,17.0,17.0,17.0,18.0,18.0,18.0,18.0,19.0,19.0,19.0,19.0,18.0,18.0,18.0,19.0,19.0,19.0,19.0,19.0,19.0,19.0,19.0,19.0,19.0,19.0,19.0,20.0,20.0,19.0,19.0,19.0,19.0,19.0,19.0,20.0,20.0,20.0,20.0,20.0,20.0,20.0,20.0,20.0,20.0,21.0,21.0,21.0,21.0,21.0,21.0,21.0,21.0,21.0,20.0,20.0,20.0,20.0,20.0,20.0,20.0,20.0,22.0,22.0,22.0,23.0,24.0,24.0,24.0,24.0,24.0,24.0,24.0,24.0,24.0,24.0,24.0,24.0,24.0,24.0,25.0,26.0,26.0,26.0,25.0,25.0,25.0,25.0,25.0,25.0,24.0,24.0,24.0,24.0,24.0,24.0,24.0,24.0,24.0,25.0,25.0,25.0,26.0,26.0,26.0,26.0,26.0,26.0,27.0,27.0,27.0,27.0,27.0,27.0,27.0,26.0,26.0,26.0,26.0,26.0,26.0,26.0,26.0,26.0,26.0,26.0,27.0,27.0,27.0,27.0,27.0,27.0,27.0,27.0,27.0,27.0,27.0,27.0,27.0,27.0,27.0,27.0,27.0,27.0,27.0,27.0,27.0,27.0,27.0,27.0,27.0,27.0,27.0,27.0,27.0,27.0,27.0,27.0,27.0,26.0,26.0,26.0,27.0,27.0,27.0,27.0,27.0,27.0,27.0,27.0,27.0,27.0,27.0,27.0,27.0,28.0,29.0,29.0,29.0,28.0,28.0,29.0,28.0,27.0,26.0,27.0,27.0,27.0,27.0,27.0,27.0,27.0,27.0,27.0,28.0,28.0,28.0,28.0,28.0,28.0,29.0,29.0,29.0,29.0,30.0,30.0,30.0,30.0,30.0,30.0,30.0,29.0,28.0,27.0,27.0,27.0,28.0,29.0,30.0,30.0,30.0,30.0,31.0,31.0,30.0,31.0,31.0,31.0,31.0,32.0,31.0,32.0,32.0,33.0,33.0,33.0,32.0,32.0,33.0,33.0,33.0,33.0,33.0,33.0,33.0,32.0,33.0,33.0,31.0,31.0,31.0,30.0,30.0,30.0,30.0,29.0,29.0,28.0,29.0,29.0,29.0,30.0,30.0,30.0,30.0,30.0,31.0,32.0,32.0,32.0,32.0,32.0,32.0,32.0,31.0,30.0,30.0,30.0,30.0,31.0,31.0
Std_Nfpc_4_fil,0.0,0.0,0.0,0.0,0.0,0.0,0.0,0.0,0.0,0.0,0.0,0.0,0.0,0.0,0.0,0.0,0.0,0.0,0.0,0.0,0.0,0.0,0.0,0.0,0.0,0.0,0.0,0.0,0.0,0.0,0.0,0.0,0.0,0.0,0.0,0.0,0.0,0.0,0.0,0.0,0.0,0.0,0.0,0.0,0.0,0.0,0.0,0.0,0.0,0.0,0.0,0.0,0.0,0.0,0.0,0.0,0.0,0.0,0.0,0.0,0.0,0.0,0.0,0.0,0.0,0.0,0.0,0.0,0.0,0.0,0.0,0.0,0.0,0.0,0.0,0.0,0.0,0.0,0.0,0.0,0.0,0.0,0.0,0.0,0.0,0.0,0.0,0.0,0.0,0.0,0.0,0.0,0.0,0.0,0.0,0.0,0.0,0.0,0.0,0.0,0.0,0.0,0.0,0.0,0.0,0.0,0.0,0.0,0.0,0.0,0.0,0.0,0.0,0.0,0.0,0.0,0.0,0.0,0.0,0.0,0.0,0.0,0.0,0.0,0.0,0.0,0.0,0.0,0.0,0.0,0.0,0.0,0.0,0.0,0.0,0.0,0.0,0.0,0.0,0.0,0.0,0.0,0.0,0.0,0.0,0.0,0.0,0.0,0.0,0.0,0.0,0.0,0.0,0.0,0.0,0.0,0.0,0.0,0.0,0.0,0.0,0.0,0.0,0.0,0.0,0.0,0.0,0.0,0.0,0.0,0.0,0.0,0.0,0.0,0.0,0.0,0.0,0.0,0.0,0.0,0.0,0.0,0.0,0.0,0.0,0.0,0.0,0.0,0.0,0.0,0.0,0.0,0.0,0.0,0.0,0.0,0.0,0.0,0.0,0.0,0.0,0.0,0.0,0.0,0.0,0.0,0.0,0.0,0.0,0.0,0.0,0.0,0.0,0.0,0.0,0.0,0.0,0.0,0.0,0.0,0.0,0.0,0.0,0.0,0.0,0.0,0.0,0.0,0.0,0.0,0.0,0.0,0.0,0.0,0.0,0.0,0.0,0.0,0.0,0.0,0.0,0.0,0.0,0.0,0.0,0.0,0.0,0.0,0.0,0.0,0.0,0.0,0.0,0.0,0.0,0.0,0.0,0.0,0.0,0.0,0.0,0.0,0.0,0.0,0.0,0.0,0.0,0.0,0.0,0.0,0.0,0.0,0.0,0.0,0.0,0.0,0.0,0.0,0.0,0.0,0.0,0.0,0.0,0.0,0.0,0.0,0.0,0.0,0.0,0.0,0.0,0.0,0.0,0.0,0.0,0.0,0.0,0.0,0.0,0.0,0.0,0.0,0.0,0.0,0.0,0.0,0.0,0.0,0.0,0.0,0.0,0.0,0.0,0.0,0.0,0.0,0.0,0.0,0.0,0.0,0.0,0.0,0.0,0.0,0.0,0.0,0.0,0.0,0.0,0.0,0.0,0.0,0.0,0.0,0.0,0.0,0.0,0.0,0.0,0.0,0.0,0.0,0.0,0.0,0.0,0.0,0.0,0.0,0.0,0.0,0.0,0.0,0.0,0.0,0.0,0.0,0.0,0.0,0.0,0.0,0.0,0.0,0.0,0.0,0.0,0.0,0.0,0.0,0.0,0.0,0.0,0.0,0.0,0.0,0.0,0.0,0.0,0.0,0.0,0.0,0.0,0.0,0.0,0.0,0.0,0.0,0.0,0.0,0.0,0.0,0.0,0.0,0.0,0.0,0.0,0.0,0.0,0.0,0.0,0.0,0.0,0.0,0.0,0.0,0.0,0.0,0.0,0.0,0.0,0.0,0.0,0.0,0.0,0.0,0.0,0.0,0.0,0.0,0.0,0.0,0.0,0.0,0.0,0.0,0.0,0.0,0.0,0.0,0.0,0.0,0.0,0.0,0.0,0.0,0.0,0.0,0.0,0.0,0.0,0.0,0.0,0.0,0.0,0.0,0.0,0.0,0.0,0.0,0.0,0.0,0.0,0.0,0.0,0.0,0.0,0.0,0.0,0.0,0.0,0.0,0.0,0.0,0.0,0.0,0.0,0.0,0.0,0.0,0.0,0.0,0.0,0.0,0.0,0.0,0.0,0.0,0.0,0.0,0.0,0.0,0.0,0.0,0.0,0.0,0.0,0.0,0.0,0.0,0.0,0.0,0.0,0.0,0.0,0.0,0.0,0.0,0.0,0.0,0.0,0.0,0.0,0.0,0.0,0.0,0.0,0.0,0.0,0.0,0.0,0.0,0.0,0.0,0.0,0.0,0.0,0.0,0.0,0.0,0.0,0.0,0.0,0.0,0.0,0.0,0.0,0.0,0.0,0.0,0.0,0.0,0.0,0.0,0.0,0.0,0.0,0.0,0.0,0.0,0.0,0.0,0.0,0.0,0.0,0.0,0.0,0.0,0.0,0.0,0.0,0.0,0.0,0.0,0.0,0.0,0.0,0.0,0.0,0.0,0.0,0.0,0.0,0.0,0.0,0.0,0.0,0.0,0.0,0.0,0.0,0.0,0.0,0.0,0.0,0.0,0.0,0.0,0.0,0.0,0.0,0.0,0.0,0.0,0.0,0.0,0.0,0.0,0.0,0.0,0.0,0.0,0.0,0.0,0.0,0.0,0.0,0.0,0.0,0.0,0.0,0.0,0.0
Bar_Mean_Nfpc,245.0,489.3225806451613,235.29032258064515,30.387096774193548,0.0,0.0,0.0,0.0,0.0,0.0,0.0,0.0,0.0,0.0,0.0,0.0,0.0,0.0,0.0,0.0,0.0,0.0,0.0,0.0,0.0,0.0,0.0,0.0,0.0,0.0,0.0,0.0,0.0,0.0,0.0,0.0,0.0,0.0,0.0,0.0,0.0,0.0,0.0,0.0,0.0,0.0,0.0,0.0,0.0,0.0,0.0,0.0,0.0,0.0,0.0,0.0,0.0,0.0,0.0,0.0,0.0,0.0,0.0,0.0,0.0,0.0,0.0,0.0,0.0,0.0,0.0,0.0,0.0,0.0,0.0,0.0,0.0,0.0,0.0,0.0,0.0,0.0,0.0,0.0,0.0,0.0,0.0,0.0,0.0,0.0,0.0,0.0,0.0,0.0,0.0,0.0,0.0,0.0,0.0,0.0,0.0,0.0,0.0,0.0,0.0,0.0,0.0,0.0,0.0,0.0,0.0,0.0,0.0,0.0,0.0,0.0,0.0,0.0,0.0,0.0,0.0,0.0,0.0,0.0,0.0,0.0,0.0,0.0,0.0,0.0,0.0,0.0,0.0,0.0,0.0,0.0,0.0,0.0,0.0,0.0,0.0,0.0,0.0,0.0,0.0,0.0,0.0,0.0,0.0,0.0,0.0,0.0,0.0,0.0,0.0,0.0,0.0,0.0,0.0,0.0,0.0,0.0,0.0,0.0,0.0,0.0,0.0,0.0,0.0,0.0,0.0,0.0,0.0,0.0,0.0,0.0,0.0,0.0,0.0,0.0,0.0,0.0,0.0,0.0,0.0,0.0,0.0,0.0,0.0,0.0,0.0,0.0,0.0,0.0,0.0,0.0,0.0,0.0,0.0,0.0,0.0,0.0,0.0,0.0,0.0,0.0,0.0,0.0,0.0,0.0,0.0,0.0,0.0,0.0,0.0,0.0,0.0,0.0,0.0,0.0,0.0,0.0,0.0,0.0,0.0,0.0,0.0,0.0,0.0,0.0,0.0,0.0,0.0,0.0,0.0,0.0,0.0,0.0,0.0,0.0,0.0,0.0,0.0,0.0,0.0,0.0,0.0,0.0,0.0,0.0,0.0,0.0,0.0,0.0,0.0,0.0,0.0,0.0,0.0,0.0,0.0,0.0,0.0,0.0,0.0,0.0,0.0,0.0,0.0,0.0,0.0,0.0,0.0,0.0,0.0,0.0,0.0,0.0,0.0,0.0,0.0,0.0,0.0,0.0,0.0,0.0,0.0,0.0,0.0,0.0,0.0,0.0,0.0,0.0,0.0,0.0,0.0,0.0,0.0,0.0,0.0,0.0,0.0,0.0,0.0,0.0,0.0,0.0,0.0,0.0,0.0,0.0,0.0,0.0,0.0,0.0,0.0,0.0,0.0,0.0,0.0,0.0,0.0,0.0,0.0,0.0,0.0,0.0,0.0,0.0,0.0,0.0,0.0,0.0,0.0,0.0,0.0,0.0,0.0,0.0,0.0,0.0,0.0,0.0,0.0,0.0,0.0,0.0,0.0,0.0,0.0,0.0,0.0,0.0,0.0,0.0,0.0,0.0,0.0,0.0,0.0,0.0,0.0,0.0,0.0,0.0,0.0,0.0,0.0,0.0,0.0,0.0,0.0,0.0,0.0,0.0,0.0,0.0,0.0,0.0,0.0,0.0,0.0,0.0,0.0,0.0,0.0,0.0,0.0,0.0,0.0,0.0,0.0,0.0,0.0,0.0,0.0,0.0,0.0,0.0,0.0,0.0,0.0,0.0,0.0,0.0,0.0,0.0,0.0,0.0,0.0,0.0,0.0,0.0,0.0,0.0,0.0,0.0,0.0,0.0,0.0,0.0,0.0,0.0,0.0,0.0,0.0,0.0,0.0,0.0,0.0,0.0,0.0,0.0,0.0,0.0,0.0,0.0,0.0,0.0,0.0,0.0,0.0,0.0,0.0,0.0,0.0,0.0,0.0,0.0,0.0,0.0,0.0,0.0,0.0,0.0,0.0,0.0,0.0,0.0,0.0,0.0,0.0,0.0,0.0,0.0,0.0,0.0,0.0,0.0,0.0,0.0,0.0,0.0,0.0,0.0,0.0,0.0,0.0,0.0,0.0,0.0,0.0,0.0,0.0,0.0,0.0,0.0,0.0,0.0,0.0,0.0,0.0,0.0,0.0,0.0,0.0,0.0,0.0,0.0,0.0,0.0,0.0,0.0,0.0,0.0,0.0,0.0,0.0,0.0,0.0,0.0,0.0,0.0,0.0,0.0,0.0,0.0,0.0,0.0,0.0,0.0,0.0,0.0,0.0,0.0,0.0,0.0,0.0,0.0,0.0,0.0,0.0,0.0,0.0,0.0,0.0,0.0,0.0,0.0,0.0,0.0,0.0,0.0,0.0,0.0,0.0,0.0,0.0,0.0,0.0,0.0,0.0,0.0,0.0,0.0,0.0,0.0,0.0,0.0,0.0,0.0,0.0,0.0,0.0,0.0,0.0,0.0,0.0,0.0,0.0,0.0,0.0,0.0,0.0,0.0,0.0,0.0,0.0,0.0,0.0,0.0,0.0,0.0,0.0,0.0,0.0,0.0,0.0,0.0,0.0,0.0,0.0,0.0,0.0,0.0,0.0,0.0,0.0,0.0,0.0
Bar_Std_Nfpc,1.0776318121606494,4.781598442242007,4.5874551831306265,1.0977225501402295,0.0,0.0,0.0,0.0,0.0,0.0,0.0,0.0,0.0,0.0,0.0,0.0,0.0,0.0,0.0,0.0,0.0,0.0,0.0,0.0,0.0,0.0,0.0,0.0,0.0,0.0,0.0,0.0,0.0,0.0,0.0,0.0,0.0,0.0,0.0,0.0,0.0,0.0,0.0,0.0,0.0,0.0,0.0,0.0,0.0,0.0,0.0,0.0,0.0,0.0,0.0,0.0,0.0,0.0,0.0,0.0,0.0,0.0,0.0,0.0,0.0,0.0,0.0,0.0,0.0,0.0,0.0,0.0,0.0,0.0,0.0,0.0,0.0,0.0,0.0,0.0,0.0,0.0,0.0,0.0,0.0,0.0,0.0,0.0,0.0,0.0,0.0,0.0,0.0,0.0,0.0,0.0,0.0,0.0,0.0,0.0,0.0,0.0,0.0,0.0,0.0,0.0,0.0,0.0,0.0,0.0,0.0,0.0,0.0,0.0,0.0,0.0,0.0,0.0,0.0,0.0,0.0,0.0,0.0,0.0,0.0,0.0,0.0,0.0,0.0,0.0,0.0,0.0,0.0,0.0,0.0,0.0,0.0,0.0,0.0,0.0,0.0,0.0,0.0,0.0,0.0,0.0,0.0,0.0,0.0,0.0,0.0,0.0,0.0,0.0,0.0,0.0,0.0,0.0,0.0,0.0,0.0,0.0,0.0,0.0,0.0,0.0,0.0,0.0,0.0,0.0,0.0,0.0,0.0,0.0,0.0,0.0,0.0,0.0,0.0,0.0,0.0,0.0,0.0,0.0,0.0,0.0,0.0,0.0,0.0,0.0,0.0,0.0,0.0,0.0,0.0,0.0,0.0,0.0,0.0,0.0,0.0,0.0,0.0,0.0,0.0,0.0,0.0,0.0,0.0,0.0,0.0,0.0,0.0,0.0,0.0,0.0,0.0,0.0,0.0,0.0,0.0,0.0,0.0,0.0,0.0,0.0,0.0,0.0,0.0,0.0,0.0,0.0,0.0,0.0,0.0,0.0,0.0,0.0,0.0,0.0,0.0,0.0,0.0,0.0,0.0,0.0,0.0,0.0,0.0,0.0,0.0,0.0,0.0,0.0,0.0,0.0,0.0,0.0,0.0,0.0,0.0,0.0,0.0,0.0,0.0,0.0,0.0,0.0,0.0,0.0,0.0,0.0,0.0,0.0,0.0,0.0,0.0,0.0,0.0,0.0,0.0,0.0,0.0,0.0,0.0,0.0,0.0,0.0,0.0,0.0,0.0,0.0,0.0,0.0,0.0,0.0,0.0,0.0,0.0,0.0,0.0,0.0,0.0,0.0,0.0,0.0,0.0,0.0,0.0,0.0,0.0,0.0,0.0,0.0,0.0,0.0,0.0,0.0,0.0,0.0,0.0,0.0,0.0,0.0,0.0,0.0,0.0,0.0,0.0,0.0,0.0,0.0,0.0,0.0,0.0,0.0,0.0,0.0,0.0,0.0,0.0,0.0,0.0,0.0,0.0,0.0,0.0,0.0,0.0,0.0,0.0,0.0,0.0,0.0,0.0,0.0,0.0,0.0,0.0,0.0,0.0,0.0,0.0,0.0,0.0,0.0,0.0,0.0,0.0,0.0,0.0,0.0,0.0,0.0,0.0,0.0,0.0,0.0,0.0,0.0,0.0,0.0,0.0,0.0,0.0,0.0,0.0,0.0,0.0,0.0,0.0,0.0,0.0,0.0,0.0,0.0,0.0,0.0,0.0,0.0,0.0,0.0,0.0,0.0,0.0,0.0,0.0,0.0,0.0,0.0,0.0,0.0,0.0,0.0,0.0,0.0,0.0,0.0,0.0,0.0,0.0,0.0,0.0,0.0,0.0,0.0,0.0,0.0,0.0,0.0,0.0,0.0,0.0,0.0,0.0,0.0,0.0,0.0,0.0,0.0,0.0,0.0,0.0,0.0,0.0,0.0,0.0,0.0,0.0,0.0,0.0,0.0,0.0,0.0,0.0,0.0,0.0,0.0,0.0,0.0,0.0,0.0,0.0,0.0,0.0,0.0,0.0,0.0,0.0,0.0,0.0,0.0,0.0,0.0,0.0,0.0,0.0,0.0,0.0,0.0,0.0,0.0,0.0,0.0,0.0,0.0,0.0,0.0,0.0,0.0,0.0,0.0,0.0,0.0,0.0,0.0,0.0,0.0,0.0,0.0,0.0,0.0,0.0,0.0,0.0,0.0,0.0,0.0,0.0,0.0,0.0,0.0,0.0,0.0,0.0,0.0,0.0,0.0,0.0,0.0,0.0,0.0,0.0,0.0,0.0,0.0,0.0,0.0,0.0,0.0,0.0,0.0,0.0,0.0,0.0,0.0,0.0,0.0,0.0,0.0,0.0,0.0,0.0,0.0,0.0,0.0,0.0,0.0,0.0,0.0,0.0,0.0,0.0,0.0,0.0,0.0,0.0,0.0,0.0,0.0,0.0,0.0,0.0,0.0,0.0,0.0,0.0,0.0,0.0,0.0,0.0,0.0,0.0,0.0,0.0,0.0,0.0,0.0,0.0,0.0,0.0,0.0,0.0,0.0,0.0,0.0,0.0,0.0,0.0,0.0,0.0,0.0,0.0,0.0,0.0,0.0,0.0,0.0,0.0,0.0,0.0
