,0,1,2,3,4,5,6,7,8,9,10,11,12,13,14,15,16,17,18,19,20,21,22,23,24,25,26,27,28,29,30,31,32,33,34,35,36,37,38,39,40,41,42,43,44,45,46,47,48,49,50,51,52,53,54,55,56,57,58,59,60,61,62,63,64,65,66,67,68,69,70,71,72,73,74,75,76,77,78,79,80,81,82,83,84,85,86,87,88,89,90,91,92,93,94,95,96,97,98,99,100,101,102,103,104,105,106,107,108,109,110,111,112,113,114,115,116,117,118,119,120,121,122,123,124,125,126,127,128,129,130,131,132,133,134,135,136,137,138,139,140,141,142,143,144,145,146,147,148,149,150,151,152,153,154,155,156,157,158,159,160,161,162,163,164,165,166,167,168,169,170,171,172,173,174,175,176,177,178,179,180,181,182,183,184,185,186,187,188,189,190,191,192,193,194,195,196,197,198,199,200,201,202,203,204,205,206,207,208,209,210,211,212,213,214,215,216,217,218,219,220,221,222,223,224,225,226,227,228,229,230,231,232,233,234,235,236,237,238,239,240,241,242,243,244,245,246,247,248,249,250,251,252,253,254,255,256,257,258,259,260,261,262,263,264,265,266,267,268,269,270,271,272,273,274,275,276,277,278,279,280,281,282,283,284,285,286,287,288,289,290,291,292,293,294,295,296,297,298,299,300,301,302,303,304,305,306,307,308,309,310,311,312,313,314,315,316,317,318,319,320,321,322,323,324,325,326,327,328,329,330,331,332,333,334,335,336,337,338,339,340,341,342,343,344,345,346,347,348,349,350,351,352,353,354,355,356,357,358,359,360,361,362,363,364,365,366,367,368,369,370,371,372,373,374,375,376,377,378,379,380,381,382,383,384,385,386,387,388,389,390,391,392,393,394,395,396,397,398,399,400,401,402,403,404,405,406,407,408,409,410,411,412,413,414,415,416,417,418,419,420,421,422,423,424,425,426,427,428,429,430,431,432,433,434,435,436,437,438,439,440,441,442,443,444,445,446,447,448,449,450,451,452,453,454,455,456,457,458,459,460,461,462,463,464,465,466,467,468,469,470,471,472,473,474,475,476,477,478,479,480,481,482,483,484,485,486,487,488,489,490,491,492,493,494,495,496,497,498,499,500,501,502,503,504,505,506,507,508,509,510,511,512,513,514,515,516,517,518,519,520,521,522,523,524,525,526,527,528,529,530,531,532,533,534,535,536,537,538,539,540,541,542,543,544,545,546,547,548,549,550,551,552,553,554,555,556,557,558,559,560,561,562,563,564,565,566,567,568,569,570,571,572,573,574,575,576,577,578,579,580,581,582,583,584,585,586,587,588,589,590,591,592,593,594,595,596,597,598,599,600
Time,0.0,1.0,2.0,3.0,4.0,5.0,6.0,7.0,8.0,9.0,10.0,11.0,12.0,13.0,14.0,15.0,16.0,17.0,18.0,19.0,20.0,21.0,22.0,23.0,24.0,25.0,26.0,27.0,28.0,29.0,30.0,31.0,32.0,33.0,34.0,35.0,36.0,37.0,38.0,39.0,40.0,41.0,42.0,43.0,44.0,45.0,46.0,47.0,48.0,49.0,50.0,51.0,52.0,53.0,54.0,55.0,56.0,57.0,58.0,59.0,60.0,61.0,62.0,63.0,64.0,65.0,66.0,67.0,68.0,69.0,70.0,71.0,72.0,73.0,74.0,75.0,76.0,77.0,78.0,79.0,80.0,81.0,82.0,83.0,84.0,85.0,86.0,87.0,88.0,89.0,90.0,91.0,92.0,93.0,94.0,95.0,96.0,97.0,98.0,99.0,100.0,101.0,102.0,103.0,104.0,105.0,106.0,107.0,108.0,109.0,110.0,111.0,112.0,113.0,114.0,115.0,116.0,117.0,118.0,119.0,120.0,121.0,122.0,123.0,124.0,125.0,126.0,127.0,128.0,129.0,130.0,131.0,132.0,133.0,134.0,135.0,136.0,137.0,138.0,139.0,140.0,141.0,142.0,143.0,144.0,145.0,146.0,147.0,148.0,149.0,150.0,151.0,152.0,153.0,154.0,155.0,156.0,157.0,158.0,159.0,160.0,161.0,162.0,163.0,164.0,165.0,166.0,167.0,168.0,169.0,170.0,171.0,172.0,173.0,174.0,175.0,176.0,177.0,178.0,179.0,180.0,181.0,182.0,183.0,184.0,185.0,186.0,187.0,188.0,189.0,190.0,191.0,192.0,193.0,194.0,195.0,196.0,197.0,198.0,199.0,200.0,201.0,202.0,203.0,204.0,205.0,206.0,207.0,208.0,209.0,210.0,211.0,212.0,213.0,214.0,215.0,216.0,217.0,218.0,219.0,220.0,221.0,222.0,223.0,224.0,225.0,226.0,227.0,228.0,229.0,230.0,231.0,232.0,233.0,234.0,235.0,236.0,237.0,238.0,239.0,240.0,241.0,242.0,243.0,244.0,245.0,246.0,247.0,248.0,249.0,250.0,251.0,252.0,253.0,254.0,255.0,256.0,257.0,258.0,259.0,260.0,261.0,262.0,263.0,264.0,265.0,266.0,267.0,268.0,269.0,270.0,271.0,272.0,273.0,274.0,275.0,276.0,277.0,278.0,279.0,280.0,281.0,282.0,283.0,284.0,285.0,286.0,287.0,288.0,289.0,290.0,291.0,292.0,293.0,294.0,295.0,296.0,297.0,298.0,299.0,300.0,301.0,302.0,303.0,304.0,305.0,306.0,307.0,308.0,309.0,310.0,311.0,312.0,313.0,314.0,315.0,316.0,317.0,318.0,319.0,320.0,321.0,322.0,323.0,324.0,325.0,326.0,327.0,328.0,329.0,330.0,331.0,332.0,333.0,334.0,335.0,336.0,337.0,338.0,339.0,340.0,341.0,342.0,343.0,344.0,345.0,346.0,347.0,348.0,349.0,350.0,351.0,352.0,353.0,354.0,355.0,356.0,357.0,358.0,359.0,360.0,361.0,362.0,363.0,364.0,365.0,366.0,367.0,368.0,369.0,370.0,371.0,372.0,373.0,374.0,375.0,376.0,377.0,378.0,379.0,380.0,381.0,382.0,383.0,384.0,385.0,386.0,387.0,388.0,389.0,390.0,391.0,392.0,393.0,394.0,395.0,396.0,397.0,398.0,399.0,400.0,401.0,402.0,403.0,404.0,405.0,406.0,407.0,408.0,409.0,410.0,411.0,412.0,413.0,414.0,415.0,416.0,417.0,418.0,419.0,420.0,421.0,422.0,423.0,424.0,425.0,426.0,427.0,428.0,429.0,430.0,431.0,432.0,433.0,434.0,435.0,436.0,437.0,438.0,439.0,440.0,441.0,442.0,443.0,444.0,445.0,446.0,447.0,448.0,449.0,450.0,451.0,452.0,453.0,454.0,455.0,456.0,457.0,458.0,459.0,460.0,461.0,462.0,463.0,464.0,465.0,466.0,467.0,468.0,469.0,470.0,471.0,472.0,473.0,474.0,475.0,476.0,477.0,478.0,479.0,480.0,481.0,482.0,483.0,484.0,485.0,486.0,487.0,488.0,489.0,490.0,491.0,492.0,493.0,494.0,495.0,496.0,497.0,498.0,499.0,500.0,501.0,502.0,503.0,504.0,505.0,506.0,507.0,508.0,509.0,510.0,511.0,512.0,513.0,514.0,515.0,516.0,517.0,518.0,519.0,520.0,521.0,522.0,523.0,524.0,525.0,526.0,527.0,528.0,529.0,530.0,531.0,532.0,533.0,534.0,535.0,536.0,537.0,538.0,539.0,540.0,541.0,542.0,543.0,544.0,545.0,546.0,547.0,548.0,549.0,550.0,551.0,552.0,553.0,554.0,555.0,556.0,557.0,558.0,559.0,560.0,561.0,562.0,563.0,564.0,565.0,566.0,567.0,568.0,569.0,570.0,571.0,572.0,573.0,574.0,575.0,576.0,577.0,578.0,579.0,580.0,581.0,582.0,583.0,584.0,585.0,586.0,587.0,588.0,589.0,590.0,591.0,592.0,593.0,594.0,595.0,596.0,597.0,598.0,599.0,600.0
a1,1.0,0.998736,1.000285,1.001249,1.003098,1.005297,1.005957,1.006297,1.006481,1.004968,1.004215,1.002332,1.000138,0.999252,0.999856,0.99826,0.99585,0.994777,0.994902,0.995046,0.997222,0.999427,1.001814,1.004042,1.006222,1.006664,1.005028,1.002602,1.000876,1.001788,1.003175,1.004103,1.003578,1.002964,1.002744,1.003613,1.003035,1.003094,1.002146,1.002031,1.002476,1.002536,1.002402,1.00195,1.001052,0.998329,0.995523,0.996643,0.998747,1.001457,1.001415,1.001701,1.002828,1.002205,1.001075,0.999191,1.000235,1.002655,1.003903,1.005819,1.00632,1.006352,1.003144,1.002657,1.000639,1.001017,1.001088,1.001037,0.999542,1.000021,0.998917,1.000382,1.000339,1.001555,1.002305,1.002052,1.003165,1.004206,1.004483,1.004274,1.003069,1.003121,1.001703,1.001571,1.002473,1.001799,1.001449,1.000797,1.000076,1.000643,1.00024,0.999992,1.000331,1.00032,1.000022,0.997859,1.000296,1.00204,1.003525,1.005631,1.005728,1.003759,1.001732,1.001254,1.002137,1.000065,0.999472,0.998767,0.99861,0.997881,0.998721,0.998885,0.99632,0.99771,0.998636,1.000487,1.000489,0.999719,1.000119,1.000598,1.000485,0.999452,1.000932,1.001473,1.001611,1.001307,1.000671,1.00192,1.001831,1.002184,1.002222,1.003038,1.005095,1.004362,1.006379,1.006369,1.007345,1.00503,1.00163,1.000122,0.998648,0.998031,1.00005,1.000919,0.998718,0.997486,0.998331,0.999411,0.999182,0.999133,0.997568,0.997989,1.000198,1.001039,1.003988,1.002969,1.000632,1.000395,1.001958,1.00303,1.006002,1.006663,1.007478,1.00846,1.006677,1.005666,1.003218,1.005963,1.008363,1.009868,1.011747,1.010971,1.012378,1.017497,1.017663,1.016458,1.017771,1.017192,1.013786,1.01589,1.016426,1.016848,1.015723,1.015048,1.012843,1.010604,1.010058,1.007808,1.007326,1.009065,1.012555,1.015378,1.014847,1.014717,1.014301,1.018618,1.021351,1.026392,1.03518,1.037637,1.038617,1.042681,1.052332,1.058404,1.065099,1.068299,1.073093,1.08183,1.083826,1.091827,1.09898,1.109851,1.116325,1.12291,1.129788,1.136585,1.148803,1.156976,1.166075,1.175243,1.181371,1.189557,1.195798,1.203422,1.212873,1.220305,1.224141,1.232423,1.233758,1.24165,1.249044,1.253003,1.251581,1.257346,1.260279,1.265836,1.270166,1.276496,1.279729,1.284245,1.287555,1.290589,1.295297,1.298227,1.30536,1.304754,1.313611,1.319579,1.319395,1.319128,1.332508,1.33288,1.334093,1.342375,1.349412,1.354338,1.356232,1.360873,1.360549,1.36728,1.370477,1.375586,1.37686,1.37735,1.385357,1.387999,1.395899,1.398995,1.40246,1.410668,1.411905,1.410859,1.415094,1.420105,1.425595,1.436013,1.438674,1.43863,1.440653,1.444166,1.443295,1.449429,1.456717,1.459455,1.469136,1.471867,1.474122,1.47316,1.47913,1.479511,1.476414,1.478323,1.476366,1.482149,1.490363,1.496067,1.497802,1.498097,1.502693,1.504041,1.502114,1.504347,1.506068,1.50397,1.504331,1.506005,1.505711,1.50921,1.517452,1.513068,1.513098,1.520508,1.529173,1.525208,1.534155,1.539752,1.538684,1.538751,1.543763,1.539385,1.538036,1.537398,1.543599,1.546854,1.548183,1.543761,1.542812,1.541632,1.541012,1.550314,1.558137,1.556502,1.559812,1.561587,1.568153,1.568447,1.575613,1.575174,1.574743,1.575863,1.576112,1.573644,1.571702,1.569309,1.570762,1.574597,1.577028,1.570483,1.574269,1.577025,1.571206,1.567868,1.566088,1.56669,1.566131,1.555742,1.557365,1.559253,1.559965,1.565265,1.568976,1.571153,1.563718,1.562382,1.561914,1.565048,1.566604,1.572781,1.578827,1.579644,1.577016,1.579043,1.581748,1.576036,1.585256,1.585685,1.582353,1.585051,1.581139,1.576463,1.563319,1.551653,1.53502,1.524882,1.520831,1.50104,1.493738,1.473117,1.447137,1.425111,1.409832,1.398773,1.385368,1.359172,1.339667,1.313437,1.291316,1.26336,1.238878,1.222419,1.204422,1.201047,1.184415,1.172116,1.162594,1.160168,1.151452,1.143276,1.141892,1.142204,1.137289,1.134311,1.139506,1.150522,1.154969,1.153439,1.149989,1.144127,1.144524,1.156165,1.150572,1.151467,1.148872,1.146401,1.155307,1.157827,1.169078,1.166609,1.169775,1.163453,1.160376,1.154281,1.151263,1.155318,1.158196,1.153613,1.146649,1.144452,1.143137,1.140356,1.143619,1.14617,1.146276,1.152787,1.148815,1.146231,1.14645,1.157668,1.157211,1.155314,1.155279,1.157796,1.156732,1.152169,1.155462,1.15466,1.154746,1.154127,1.156197,1.160738,1.154588,1.153784,1.162604,1.163617,1.151151,1.156455,1.147591,1.137055,1.13659,1.137106,1.133061,1.139649,1.134197,1.133566,1.132553,1.12726,1.128934,1.132557,1.130894,1.12518,1.132377,1.13399,1.137626,1.137308,1.14055,1.139473,1.147643,1.143151,1.144814,1.134411,1.130644,1.125743,1.129181,1.135188,1.130772,1.120709,1.119195,1.127118,1.128614,1.128264,1.124929,1.125896,1.13311,1.139814,1.153078,1.146287,1.146727,1.155751,1.147774,1.147952,1.144312,1.145344,1.147041,1.14948,1.144902,1.142703,1.142897,1.144382,1.149543,1.145839,1.144751,1.140676,1.146011,1.146793,1.151441,1.149856,1.143908,1.141937,1.134847,1.130257,1.131819,1.138084,1.138867,1.143464,1.147139,1.146786,1.144096,1.149475,1.146297,1.141195,1.145172,1.141797,1.147008,1.157308,1.160722,1.155664,1.155651,1.148461,1.145024,1.150485,1.153294,1.151906,1.164287,1.164079,1.159798,1.15589,1.148967,1.157043,1.16465,1.167144,1.163944,1.162425,1.165113,1.163236,1.168627,1.166188,1.177854,1.185564,1.196108,1.19719,1.19685,1.204443,1.201279,1.207961,1.206226,1.203575,1.20547,1.204392,1.196772,1.201083,1.201637,1.20388,1.21004,1.207463,1.2077,1.210191,1.216009,1.216244,1.22195,1.230635,1.228621,1.225112,1.222188,1.223175,1.216056,1.215741,1.229926,1.230122,1.234441,1.233357,1.246059
a2,1.0,1.001633,1.002045,1.000655,1.000005,0.995564,0.992843,0.993169,0.992478,0.992309,0.992785,0.99267,0.992597,0.992433,0.992956,0.99311,0.995192,0.996868,0.997879,0.997809,0.998186,0.997769,0.996366,0.995834,0.99601,0.996693,0.995085,0.996656,0.998266,0.998017,0.997257,0.995648,0.996221,0.995177,0.994977,0.995487,0.99457,0.993725,0.99555,0.995964,0.996321,0.996091,0.995171,0.994799,0.996024,0.997221,0.996859,0.996894,0.996389,0.99536,0.99657,0.996059,0.995119,0.995845,0.998637,0.999417,0.999906,0.999383,0.999131,0.998604,0.998235,0.99681,1.000619,1.00035,1.003248,1.002825,1.004125,1.002492,1.003904,1.004496,1.004602,1.003261,1.002774,1.001976,1.000713,1.001213,0.999874,0.999696,0.998567,0.998707,0.999365,0.999322,1.000128,1.000435,1.000399,1.001294,1.001912,1.003165,1.004581,1.003853,1.002985,1.002387,1.001298,1.002002,1.003137,1.004192,1.002988,1.002847,1.001647,0.999739,0.997957,0.997891,0.998812,0.997194,0.995312,0.998501,0.998127,0.999608,0.999456,1.000471,1.000116,0.999699,1.003259,1.004938,1.005245,1.003015,1.003958,1.004617,1.004278,1.002912,1.002048,1.002394,1.001768,1.002791,1.00272,1.004148,1.006235,1.005995,1.004061,1.003453,1.003012,1.000592,0.99856,0.998075,0.997435,0.997669,0.998422,1.000635,1.00171,1.000031,0.999885,0.998771,0.997802,0.996551,0.997138,0.998426,0.996538,0.996277,0.995817,0.996931,0.998172,0.998553,0.999084,0.999039,0.998089,0.998477,1.001443,1.001708,1.000409,0.997611,0.996223,0.996123,0.996298,0.996836,0.996694,0.997125,0.999364,0.997892,0.994418,0.992385,0.991036,0.991664,0.992341,0.990177,0.991425,0.993864,0.993693,0.99279,0.992904,0.98894,0.988122,0.986752,0.986288,0.985365,0.98456,0.98527,0.985515,0.986285,0.987621,0.983449,0.983818,0.980567,0.98016,0.979552,0.975494,0.973791,0.97205,0.967934,0.963624,0.961483,0.960411,0.95557,0.951427,0.9491,0.942457,0.936144,0.927704,0.920562,0.916038,0.91082,0.908033,0.902723,0.897665,0.894246,0.889559,0.889185,0.884201,0.883712,0.880873,0.879799,0.878233,0.878016,0.87735,0.878622,0.878565,0.878648,0.880981,0.881911,0.885641,0.884876,0.884783,0.88593,0.888913,0.888507,0.888534,0.887376,0.885255,0.883137,0.881464,0.880212,0.879577,0.879445,0.877356,0.876442,0.874166,0.874622,0.872155,0.870684,0.872208,0.87198,0.867292,0.866191,0.865738,0.862107,0.859933,0.857168,0.857436,0.857301,0.857772,0.855013,0.853776,0.852141,0.851632,0.851591,0.84961,0.849146,0.84682,0.845332,0.842899,0.840401,0.840084,0.840569,0.839744,0.837678,0.835851,0.833614,0.831729,0.832483,0.832448,0.831075,0.83124,0.829783,0.828094,0.827066,0.825516,0.825589,0.824739,0.825207,0.822882,0.823345,0.826162,0.825574,0.826275,0.824919,0.820203,0.818318,0.818447,0.816144,0.814853,0.81464,0.815241,0.815068,0.812784,0.813265,0.814625,0.812278,0.813284,0.812744,0.810064,0.812923,0.813324,0.811198,0.809899,0.812694,0.810306,0.809112,0.808193,0.804626,0.802376,0.804257,0.802946,0.801819,0.797201,0.798319,0.798676,0.800166,0.803889,0.803816,0.801854,0.798181,0.796281,0.793637,0.792454,0.791905,0.793739,0.793937,0.790009,0.790094,0.788987,0.788522,0.788394,0.793813,0.79216,0.797087,0.798463,0.794146,0.797738,0.80358,0.802132,0.799436,0.80376,0.803376,0.802292,0.802443,0.799657,0.805017,0.801398,0.80153,0.803982,0.806524,0.805549,0.801209,0.803925,0.80625,0.807342,0.809143,0.808066,0.810598,0.805865,0.80193,0.804917,0.803803,0.800589,0.79866,0.797117,0.792108,0.797909,0.788416,0.786555,0.789963,0.787319,0.795688,0.792106,0.79864,0.793903,0.79469,0.79266,0.797128,0.798741,0.803856,0.803218,0.806858,0.807108,0.811855,0.80827,0.816639,0.819189,0.827497,0.8344,0.835471,0.835517,0.83159,0.833219,0.836944,0.83273,0.825597,0.829677,0.822195,0.822698,0.810849,0.806771,0.805624,0.800252,0.792947,0.790823,0.792417,0.793657,0.797013,0.794479,0.786426,0.779621,0.778152,0.775206,0.771499,0.767324,0.76468,0.756363,0.754125,0.751461,0.755638,0.755849,0.754807,0.757791,0.757094,0.755823,0.757501,0.756123,0.760888,0.758381,0.757624,0.74993,0.750536,0.752633,0.750247,0.746802,0.751846,0.75063,0.742884,0.740531,0.745697,0.74506,0.739913,0.74446,0.744171,0.742974,0.740924,0.737923,0.731971,0.731836,0.734642,0.735004,0.74093,0.739605,0.735823,0.7413,0.733778,0.731613,0.731334,0.729842,0.733003,0.734479,0.732845,0.733769,0.732648,0.732061,0.733014,0.735004,0.73157,0.727989,0.732483,0.728088,0.72443,0.726065,0.72207,0.720415,0.72073,0.717828,0.719182,0.718015,0.724037,0.728011,0.728658,0.724718,0.71833,0.714177,0.715039,0.717898,0.710271,0.712052,0.71419,0.717745,0.714043,0.712209,0.709947,0.70362,0.710497,0.713964,0.711807,0.717843,0.714888,0.715675,0.721025,0.715481,0.713481,0.710045,0.710479,0.711996,0.711562,0.709076,0.710963,0.707436,0.708926,0.706257,0.699174,0.697082,0.699784,0.704904,0.709057,0.709585,0.710184,0.701789,0.698746,0.69993,0.696527,0.693372,0.692725,0.699595,0.694095,0.695119,0.696076,0.697503,0.696459,0.690986,0.685636,0.683617,0.685313,0.685196,0.690889,0.692709,0.689721,0.689216,0.695819,0.686076,0.688244,0.690198,0.695655,0.69847,0.693181,0.692565,0.691167,0.698459,0.699046,0.696732,0.698459,0.69103,0.694135,0.688861,0.685864,0.680823,0.684734,0.690053,0.68707,0.690281,0.687572,0.694689,0.694952,0.690507,0.688806,0.688649,0.688207,0.686574,0.686189,0.683074,0.686416,0.686319,0.68517,0.680063,0.676938,0.672409,0.671249,0.672848,0.672042,0.676579,0.678718,0.680836,0.682343,0.681832,0.681254,0.679398,0.681682,0.676631
a3,1.0,0.999633,0.997675,0.998098,0.996907,0.999163,1.001244,1.000578,1.001091,1.002768,1.00304,1.005041,1.007319,1.008378,1.007238,1.008693,1.009019,1.008409,1.007261,1.007186,1.004608,1.002811,1.001831,1.000142,0.997797,0.996676,0.999912,1.000751,1.00086,1.000198,0.999577,1.000266,1.000214,1.001877,1.002298,1.000917,1.002417,1.003211,1.002318,1.002017,1.001213,1.001384,1.002444,1.003271,1.002937,1.004465,1.007662,1.006495,1.004883,1.003201,1.002024,1.002252,1.002071,1.001962,1.00029,1.001393,0.999859,0.997968,0.996979,0.995605,0.995477,0.996868,0.996249,0.997001,0.996127,0.99617,0.994809,0.996481,0.996567,0.995503,0.996498,0.996369,0.996895,0.996479,0.99699,0.996743,0.99697,0.996114,0.996966,0.997034,0.997574,0.997565,0.998172,0.997997,0.997135,0.996913,0.996648,0.996051,0.995364,0.995523,0.996785,0.997627,0.998373,0.997682,0.996852,0.997962,0.996726,0.995131,0.994848,0.99466,0.99634,0.998361,0.999458,1.001558,1.002568,1.001436,1.002406,1.001627,1.001936,1.001651,1.001164,1.001418,1.000433,0.99737,0.996141,0.996509,0.995571,0.995683,0.995622,0.9965,0.997473,0.99816,0.997305,0.99575,0.995683,0.994569,0.993137,0.992137,0.994135,0.994387,0.994786,0.996381,0.996366,0.997577,0.996217,0.995993,0.994277,0.994363,0.996668,0.999847,1.001469,1.003206,1.002152,1.00254,1.004158,1.0041,1.005151,1.004328,1.005022,1.003949,1.004274,1.003468,1.000719,0.999923,0.997935,0.99856,0.997928,0.997901,0.997637,0.999366,0.997802,0.997247,0.996266,0.994759,0.996662,0.997233,0.997426,0.996173,0.997273,0.997827,0.99733,0.997463,0.995398,0.992554,0.991143,0.989882,0.988776,0.990239,0.993451,0.995367,0.995666,0.996635,0.998208,0.999807,1.002803,1.0043,1.004593,1.00605,1.00517,1.007694,1.003845,1.004373,1.005315,1.006069,1.010668,1.008145,1.007248,1.006563,1.002482,1.002335,1.002507,1.003659,0.998785,0.995489,0.996204,0.999918,1.004508,1.004126,1.007226,1.005573,1.002095,0.998116,0.997919,0.995859,0.995012,0.989478,0.984472,0.978058,0.973554,0.967139,0.963837,0.957442,0.953168,0.945758,0.938449,0.932646,0.927261,0.920059,0.915192,0.910161,0.904868,0.900841,0.898838,0.895126,0.893015,0.890257,0.889347,0.887059,0.886498,0.884636,0.882999,0.881055,0.879943,0.878874,0.876346,0.876296,0.87285,0.87037,0.868971,0.869374,0.865296,0.866154,0.865819,0.864102,0.861769,0.861404,0.859933,0.857135,0.856868,0.855402,0.854643,0.853101,0.852821,0.852559,0.849608,0.848454,0.84597,0.845583,0.845929,0.843508,0.843086,0.843225,0.841527,0.840625,0.839218,0.835366,0.83571,0.834979,0.833841,0.833187,0.833525,0.831454,0.828982,0.828456,0.824542,0.822938,0.822527,0.822598,0.821592,0.820918,0.819835,0.819359,0.81975,0.817893,0.818063,0.816821,0.815747,0.817887,0.816677,0.816158,0.816604,0.815564,0.816921,0.817578,0.816016,0.817464,0.816612,0.815261,0.813515,0.813003,0.812586,0.810745,0.807445,0.806759,0.804418,0.802677,0.804147,0.807677,0.807312,0.807715,0.809743,0.811218,0.812639,0.809794,0.808737,0.809542,0.806289,0.806979,0.80928,0.808126,0.805987,0.809521,0.809009,0.808651,0.803404,0.803052,0.803375,0.803512,0.80486,0.804763,0.804766,0.800526,0.803187,0.79944,0.797324,0.799706,0.794878,0.792388,0.791909,0.793191,0.791845,0.79391,0.795886,0.795432,0.798488,0.798467,0.801238,0.800135,0.797331,0.792127,0.79121,0.794393,0.795474,0.793858,0.793023,0.789673,0.789939,0.784379,0.785965,0.789413,0.787794,0.787874,0.789684,0.79446,0.791368,0.796158,0.792033,0.800205,0.804083,0.802989,0.812459,0.809958,0.822437,0.821132,0.828231,0.83832,0.844576,0.851597,0.865136,0.872918,0.883079,0.886045,0.894341,0.906248,0.923521,0.932311,0.94533,0.956547,0.96738,0.979148,0.993725,1.001222,1.013297,1.019373,1.032923,1.044025,1.046756,1.063835,1.064473,1.079733,1.089881,1.094297,1.096621,1.096127,1.09484,1.094087,1.095654,1.096631,1.099747,1.099822,1.114815,1.116052,1.122823,1.13065,1.128039,1.129475,1.130905,1.136663,1.137605,1.137463,1.140161,1.147764,1.146241,1.14327,1.142347,1.144344,1.153391,1.148369,1.153491,1.15746,1.165998,1.162464,1.159117,1.156236,1.165587,1.160377,1.162035,1.162773,1.166928,1.160747,1.161775,1.167313,1.161251,1.166303,1.164851,1.168886,1.173552,1.18373,1.181827,1.17271,1.178374,1.169764,1.162969,1.16793,1.171855,1.178437,1.191054,1.202548,1.2055,1.199756,1.201621,1.197338,1.201578,1.204087,1.206129,1.210217,1.205151,1.206935,1.214656,1.213335,1.2129,1.21729,1.210668,1.217707,1.217034,1.217652,1.213872,1.216347,1.216555,1.217499,1.214887,1.219093,1.221989,1.226333,1.238281,1.247894,1.244604,1.249127,1.244351,1.241011,1.238526,1.243877,1.23914,1.235777,1.232547,1.227847,1.221416,1.215551,1.213708,1.218536,1.221068,1.210914,1.218493,1.219315,1.230115,1.23173,1.228898,1.228051,1.226823,1.227521,1.234815,1.236621,1.235516,1.247182,1.245876,1.242776,1.240163,1.235028,1.241819,1.24581,1.258973,1.257495,1.254504,1.255566,1.257239,1.2588,1.249369,1.253377,1.255001,1.258877,1.251939,1.257521,1.261724,1.260252,1.260256,1.262639,1.262869,1.260304,1.260766,1.260217,1.25807,1.247632,1.251893,1.248174,1.249236,1.243625,1.246077,1.24682,1.239778,1.239631,1.230062,1.230634,1.231875,1.230811,1.238304,1.235343,1.232471,1.229808,1.227992,1.219874,1.210815,1.208405,1.205953,1.204007,1.193385,1.195563,1.201366,1.205411,1.213362,1.209784,1.212103,1.210522,1.209853,1.206531,1.206466,1.206001,1.209244,1.214592,1.217063,1.210563,1.209665,1.214585,1.209326,1.204542,1.207825,1.205469,1.19246,1.193281,1.192354,1.189403,1.186067
