,0,1,2,3,4,5,6,7,8,9,10,11,12,13,14,15,16,17,18,19,20,21,22,23,24,25,26,27,28,29,30,31,32,33,34,35,36,37,38,39,40,41,42,43,44,45,46,47,48,49,50,51,52,53,54,55,56,57,58,59,60,61,62,63,64,65,66,67,68,69,70,71,72,73,74,75,76,77,78,79,80,81,82,83,84,85,86,87,88,89,90,91,92,93,94,95,96,97,98,99,100,101,102,103,104,105,106,107,108,109,110,111,112,113,114,115,116,117,118,119,120,121,122,123,124,125,126,127,128,129,130,131,132,133,134,135,136,137,138,139,140,141,142,143,144,145,146,147,148,149,150,151,152,153,154,155,156,157,158,159,160,161,162,163,164,165,166,167,168,169,170,171,172,173,174,175,176,177,178,179,180,181,182,183,184,185,186,187,188,189,190,191,192,193,194,195,196,197,198,199,200,201,202,203,204,205,206,207,208,209,210,211,212,213,214,215,216,217,218,219,220,221,222,223,224,225,226,227,228,229,230,231,232,233,234,235,236,237,238,239,240,241,242,243,244,245,246,247,248,249,250,251,252,253,254,255,256,257,258,259,260,261,262,263,264,265,266,267,268,269,270,271,272,273,274,275,276,277,278,279,280,281,282,283,284,285,286,287,288,289,290,291,292,293,294,295,296,297,298,299,300,301,302,303,304,305,306,307,308,309,310,311,312,313,314,315,316,317,318,319,320,321,322,323,324,325,326,327,328,329,330,331,332,333,334,335,336,337,338,339,340,341,342,343,344,345,346,347,348,349,350,351,352,353,354,355,356,357,358,359,360,361,362,363,364,365,366,367,368,369,370,371,372,373,374,375,376,377,378,379,380,381,382,383,384,385,386,387,388,389,390,391,392,393,394,395,396,397,398,399,400,401,402,403,404,405,406,407,408,409,410,411,412,413,414,415,416,417,418,419,420,421,422,423,424,425,426,427,428,429,430,431,432,433,434,435,436,437,438,439,440,441,442,443,444,445,446,447,448,449,450,451,452,453,454,455,456,457,458,459,460,461,462,463,464,465,466,467,468,469,470,471,472,473,474,475,476,477,478,479,480,481,482,483,484,485,486,487,488,489,490,491,492,493,494,495,496,497,498,499,500,501,502,503,504,505,506,507,508,509,510,511,512,513,514,515,516,517,518,519,520,521,522,523,524,525,526,527,528,529,530,531,532,533,534,535,536,537,538,539,540,541,542,543,544,545,546,547,548,549,550,551,552,553,554,555,556,557,558,559,560,561,562,563,564,565,566,567,568,569,570,571,572,573,574,575,576,577,578,579,580,581,582,583,584,585,586,587,588,589,590,591,592,593,594,595,596,597,598,599,600
Time,0.0,1.0,2.0,3.0,4.0,5.0,6.0,7.0,8.0,9.0,10.0,11.0,12.0,13.0,14.0,15.0,16.0,17.0,18.0,19.0,20.0,21.0,22.0,23.0,24.0,25.0,26.0,27.0,28.0,29.0,30.0,31.0,32.0,33.0,34.0,35.0,36.0,37.0,38.0,39.0,40.0,41.0,42.0,43.0,44.0,45.0,46.0,47.0,48.0,49.0,50.0,51.0,52.0,53.0,54.0,55.0,56.0,57.0,58.0,59.0,60.0,61.0,62.0,63.0,64.0,65.0,66.0,67.0,68.0,69.0,70.0,71.0,72.0,73.0,74.0,75.0,76.0,77.0,78.0,79.0,80.0,81.0,82.0,83.0,84.0,85.0,86.0,87.0,88.0,89.0,90.0,91.0,92.0,93.0,94.0,95.0,96.0,97.0,98.0,99.0,100.0,101.0,102.0,103.0,104.0,105.0,106.0,107.0,108.0,109.0,110.0,111.0,112.0,113.0,114.0,115.0,116.0,117.0,118.0,119.0,120.0,121.0,122.0,123.0,124.0,125.0,126.0,127.0,128.0,129.0,130.0,131.0,132.0,133.0,134.0,135.0,136.0,137.0,138.0,139.0,140.0,141.0,142.0,143.0,144.0,145.0,146.0,147.0,148.0,149.0,150.0,151.0,152.0,153.0,154.0,155.0,156.0,157.0,158.0,159.0,160.0,161.0,162.0,163.0,164.0,165.0,166.0,167.0,168.0,169.0,170.0,171.0,172.0,173.0,174.0,175.0,176.0,177.0,178.0,179.0,180.0,181.0,182.0,183.0,184.0,185.0,186.0,187.0,188.0,189.0,190.0,191.0,192.0,193.0,194.0,195.0,196.0,197.0,198.0,199.0,200.0,201.0,202.0,203.0,204.0,205.0,206.0,207.0,208.0,209.0,210.0,211.0,212.0,213.0,214.0,215.0,216.0,217.0,218.0,219.0,220.0,221.0,222.0,223.0,224.0,225.0,226.0,227.0,228.0,229.0,230.0,231.0,232.0,233.0,234.0,235.0,236.0,237.0,238.0,239.0,240.0,241.0,242.0,243.0,244.0,245.0,246.0,247.0,248.0,249.0,250.0,251.0,252.0,253.0,254.0,255.0,256.0,257.0,258.0,259.0,260.0,261.0,262.0,263.0,264.0,265.0,266.0,267.0,268.0,269.0,270.0,271.0,272.0,273.0,274.0,275.0,276.0,277.0,278.0,279.0,280.0,281.0,282.0,283.0,284.0,285.0,286.0,287.0,288.0,289.0,290.0,291.0,292.0,293.0,294.0,295.0,296.0,297.0,298.0,299.0,300.0,301.0,302.0,303.0,304.0,305.0,306.0,307.0,308.0,309.0,310.0,311.0,312.0,313.0,314.0,315.0,316.0,317.0,318.0,319.0,320.0,321.0,322.0,323.0,324.0,325.0,326.0,327.0,328.0,329.0,330.0,331.0,332.0,333.0,334.0,335.0,336.0,337.0,338.0,339.0,340.0,341.0,342.0,343.0,344.0,345.0,346.0,347.0,348.0,349.0,350.0,351.0,352.0,353.0,354.0,355.0,356.0,357.0,358.0,359.0,360.0,361.0,362.0,363.0,364.0,365.0,366.0,367.0,368.0,369.0,370.0,371.0,372.0,373.0,374.0,375.0,376.0,377.0,378.0,379.0,380.0,381.0,382.0,383.0,384.0,385.0,386.0,387.0,388.0,389.0,390.0,391.0,392.0,393.0,394.0,395.0,396.0,397.0,398.0,399.0,400.0,401.0,402.0,403.0,404.0,405.0,406.0,407.0,408.0,409.0,410.0,411.0,412.0,413.0,414.0,415.0,416.0,417.0,418.0,419.0,420.0,421.0,422.0,423.0,424.0,425.0,426.0,427.0,428.0,429.0,430.0,431.0,432.0,433.0,434.0,435.0,436.0,437.0,438.0,439.0,440.0,441.0,442.0,443.0,444.0,445.0,446.0,447.0,448.0,449.0,450.0,451.0,452.0,453.0,454.0,455.0,456.0,457.0,458.0,459.0,460.0,461.0,462.0,463.0,464.0,465.0,466.0,467.0,468.0,469.0,470.0,471.0,472.0,473.0,474.0,475.0,476.0,477.0,478.0,479.0,480.0,481.0,482.0,483.0,484.0,485.0,486.0,487.0,488.0,489.0,490.0,491.0,492.0,493.0,494.0,495.0,496.0,497.0,498.0,499.0,500.0,501.0,502.0,503.0,504.0,505.0,506.0,507.0,508.0,509.0,510.0,511.0,512.0,513.0,514.0,515.0,516.0,517.0,518.0,519.0,520.0,521.0,522.0,523.0,524.0,525.0,526.0,527.0,528.0,529.0,530.0,531.0,532.0,533.0,534.0,535.0,536.0,537.0,538.0,539.0,540.0,541.0,542.0,543.0,544.0,545.0,546.0,547.0,548.0,549.0,550.0,551.0,552.0,553.0,554.0,555.0,556.0,557.0,558.0,559.0,560.0,561.0,562.0,563.0,564.0,565.0,566.0,567.0,568.0,569.0,570.0,571.0,572.0,573.0,574.0,575.0,576.0,577.0,578.0,579.0,580.0,581.0,582.0,583.0,584.0,585.0,586.0,587.0,588.0,589.0,590.0,591.0,592.0,593.0,594.0,595.0,596.0,597.0,598.0,599.0,600.0
bound_multimer_0,0.0,22.0,34.0,30.0,40.0,43.0,44.0,48.0,45.0,47.0,54.0,45.0,52.0,54.0,52.0,49.0,47.0,50.0,45.0,46.0,44.0,47.0,44.0,51.0,38.0,28.0,33.0,41.0,33.0,45.0,46.0,39.0,35.0,42.0,36.0,32.0,34.0,31.0,31.0,36.0,30.0,36.0,36.0,37.0,33.0,37.0,35.0,38.0,43.0,39.0,37.0,34.0,34.0,36.0,27.0,35.0,39.0,31.0,22.0,29.0,24.0,23.0,30.0,29.0,30.0,33.0,35.0,35.0,33.0,21.0,33.0,28.0,33.0,23.0,28.0,27.0,29.0,25.0,31.0,33.0,22.0,16.0,31.0,29.0,29.0,23.0,20.0,21.0,31.0,22.0,16.0,23.0,21.0,23.0,22.0,27.0,24.0,19.0,21.0,24.0,24.0,28.0,20.0,26.0,29.0,27.0,20.0,25.0,28.0,18.0,25.0,19.0,23.0,22.0,25.0,23.0,15.0,22.0,28.0,29.0,27.0,25.0,18.0,18.0,22.0,19.0,20.0,25.0,16.0,18.0,26.0,21.0,18.0,23.0,12.0,17.0,21.0,25.0,23.0,19.0,22.0,17.0,26.0,20.0,25.0,27.0,19.0,23.0,16.0,22.0,32.0,23.0,19.0,30.0,26.0,34.0,26.0,27.0,28.0,33.0,25.0,34.0,33.0,30.0,30.0,26.0,28.0,34.0,32.0,30.0,33.0,28.0,30.0,25.0,22.0,28.0,31.0,33.0,33.0,26.0,31.0,28.0,30.0,28.0,28.0,27.0,31.0,33.0,31.0,27.0,31.0,28.0,32.0,43.0,30.0,29.0,23.0,25.0,24.0,31.0,36.0,35.0,27.0,36.0,40.0,31.0,30.0,22.0,22.0,24.0,22.0,29.0,28.0,30.0,26.0,36.0,30.0,29.0,25.0,36.0,32.0,28.0,19.0,23.0,20.0,27.0,25.0,20.0,31.0,24.0,25.0,18.0,28.0,31.0,31.0,31.0,32.0,28.0,29.0,28.0,22.0,33.0,37.0,28.0,29.0,28.0,30.0,37.0,31.0,32.0,28.0,25.0,30.0,37.0,33.0,36.0,35.0,31.0,38.0,28.0,33.0,37.0,45.0,42.0,40.0,40.0,35.0,39.0,40.0,31.0,29.0,24.0,34.0,35.0,29.0,28.0,24.0,32.0,24.0,26.0,28.0,27.0,28.0,22.0,27.0,24.0,30.0,31.0,25.0,24.0,25.0,21.0,26.0,25.0,19.0,22.0,30.0,39.0,35.0,33.0,23.0,23.0,19.0,22.0,16.0,16.0,17.0,19.0,13.0,14.0,15.0,19.0,25.0,20.0,25.0,19.0,16.0,15.0,17.0,19.0,17.0,17.0,18.0,18.0,12.0,15.0,16.0,18.0,19.0,21.0,16.0,18.0,14.0,17.0,24.0,22.0,23.0,23.0,17.0,15.0,15.0,21.0,18.0,21.0,20.0,16.0,16.0,18.0,24.0,22.0,18.0,21.0,20.0,22.0,30.0,24.0,24.0,16.0,20.0,16.0,23.0,22.0,23.0,22.0,20.0,21.0,17.0,19.0,10.0,19.0,21.0,19.0,17.0,13.0,18.0,20.0,20.0,19.0,20.0,17.0,20.0,16.0,15.0,15.0,14.0,14.0,15.0,18.0,15.0,9.0,10.0,9.0,11.0,13.0,14.0,13.0,11.0,14.0,13.0,9.0,12.0,13.0,16.0,13.0,16.0,15.0,12.0,15.0,11.0,15.0,12.0,19.0,15.0,18.0,19.0,21.0,25.0,26.0,20.0,14.0,16.0,21.0,23.0,15.0,20.0,20.0,21.0,24.0,21.0,18.0,18.0,15.0,18.0,16.0,19.0,18.0,18.0,21.0,20.0,20.0,18.0,16.0,19.0,22.0,20.0,20.0,19.0,21.0,31.0,30.0,25.0,24.0,30.0,24.0,27.0,27.0,30.0,31.0,25.0,19.0,22.0,24.0,24.0,23.0,23.0,21.0,15.0,13.0,13.0,14.0,13.0,13.0,15.0,17.0,16.0,15.0,13.0,16.0,19.0,21.0,14.0,17.0,15.0,14.0,14.0,18.0,18.0,15.0,19.0,19.0,17.0,19.0,14.0,17.0,17.0,19.0,16.0,15.0,24.0,23.0,23.0,18.0,18.0,17.0,23.0,23.0,19.0,23.0,18.0,17.0,20.0,18.0,22.0,20.0,19.0,19.0,17.0,18.0,16.0,14.0,20.0,25.0,23.0,25.0,26.0,24.0,22.0,19.0,21.0,18.0,23.0,27.0,24.0,23.0,27.0,30.0,20.0,25.0,26.0,23.0,21.0,22.0,20.0,28.0,24.0,25.0,24.0,20.0,20.0,21.0,27.0,28.0,28.0,28.0,22.0,29.0,31.0,24.0,26.0,31.0,26.0,24.0,25.0,20.0,19.0,21.0,21.0,21.0,16.0,18.0,19.0,22.0,24.0,24.0,23.0,23.0,21.0,22.0,17.0,17.0,16.0,21.0,16.0,17.0,17.0,17.0,23.0,24.0,19.0,17.0,13.0,19.0,20.0,16.0,17.0,22.0,22.0,23.0,25.0,20.0,16.0
bound_multimer_1,0.0,0.0,1.0,0.0,1.0,2.0,7.0,7.0,17.0,23.0,18.0,36.0,41.0,27.0,31.0,39.0,45.0,46.0,51.0,61.0,56.0,73.0,85.0,72.0,97.0,98.0,102.0,105.0,96.0,101.0,106.0,97.0,111.0,126.0,117.0,123.0,125.0,124.0,128.0,132.0,126.0,137.0,133.0,139.0,140.0,148.0,140.0,157.0,151.0,139.0,163.0,152.0,161.0,156.0,149.0,173.0,167.0,159.0,172.0,164.0,157.0,174.0,170.0,145.0,173.0,173.0,162.0,165.0,176.0,173.0,161.0,162.0,162.0,164.0,154.0,167.0,185.0,190.0,186.0,186.0,179.0,187.0,201.0,206.0,222.0,211.0,202.0,219.0,216.0,204.0,197.0,206.0,231.0,227.0,217.0,195.0,213.0,205.0,209.0,213.0,237.0,246.0,215.0,207.0,202.0,213.0,221.0,206.0,218.0,227.0,230.0,237.0,222.0,232.0,254.0,225.0,206.0,216.0,228.0,218.0,221.0,211.0,216.0,209.0,226.0,235.0,230.0,239.0,227.0,244.0,259.0,233.0,213.0,238.0,235.0,236.0,240.0,235.0,246.0,247.0,240.0,228.0,237.0,240.0,238.0,248.0,248.0,242.0,250.0,268.0,261.0,269.0,258.0,233.0,239.0,241.0,255.0,240.0,245.0,225.0,234.0,241.0,235.0,242.0,236.0,232.0,245.0,241.0,224.0,231.0,238.0,219.0,230.0,258.0,246.0,255.0,252.0,238.0,268.0,266.0,252.0,251.0,275.0,269.0,280.0,283.0,262.0,292.0,274.0,257.0,255.0,262.0,274.0,264.0,250.0,238.0,246.0,257.0,243.0,247.0,256.0,266.0,269.0,271.0,235.0,259.0,281.0,276.0,268.0,260.0,273.0,280.0,257.0,248.0,253.0,245.0,236.0,247.0,250.0,250.0,256.0,258.0,260.0,245.0,255.0,248.0,254.0,257.0,264.0,262.0,271.0,285.0,276.0,284.0,273.0,276.0,269.0,246.0,263.0,266.0,270.0,274.0,293.0,272.0,254.0,250.0,260.0,272.0,267.0,250.0,255.0,267.0,282.0,281.0,298.0,289.0,291.0,285.0,314.0,311.0,289.0,324.0,309.0,294.0,287.0,295.0,306.0,298.0,306.0,291.0,301.0,298.0,290.0,277.0,274.0,290.0,285.0,298.0,299.0,295.0,303.0,281.0,308.0,292.0,293.0,304.0,292.0,286.0,286.0,283.0,281.0,298.0,278.0,268.0,256.0,263.0,274.0,280.0,264.0,278.0,287.0,278.0,283.0,293.0,271.0,268.0,274.0,251.0,255.0,250.0,255.0,263.0,265.0,247.0,265.0,252.0,268.0,283.0,269.0,262.0,244.0,237.0,237.0,237.0,246.0,239.0,274.0,255.0,257.0,263.0,276.0,277.0,273.0,254.0,253.0,249.0,266.0,256.0,262.0,265.0,251.0,239.0,249.0,245.0,226.0,245.0,251.0,234.0,247.0,240.0,257.0,246.0,238.0,243.0,260.0,267.0,249.0,271.0,260.0,274.0,258.0,256.0,262.0,246.0,259.0,260.0,269.0,272.0,254.0,248.0,255.0,247.0,255.0,263.0,282.0,272.0,270.0,265.0,280.0,284.0,270.0,274.0,290.0,281.0,263.0,259.0,268.0,255.0,261.0,264.0,260.0,277.0,275.0,273.0,278.0,286.0,303.0,272.0,283.0,276.0,269.0,283.0,291.0,283.0,288.0,284.0,276.0,276.0,285.0,277.0,276.0,251.0,244.0,258.0,247.0,247.0,256.0,265.0,272.0,271.0,261.0,259.0,279.0,265.0,266.0,262.0,264.0,262.0,260.0,275.0,265.0,260.0,262.0,255.0,268.0,264.0,261.0,258.0,268.0,263.0,268.0,267.0,262.0,262.0,254.0,250.0,272.0,300.0,281.0,271.0,278.0,277.0,289.0,276.0,293.0,286.0,297.0,318.0,300.0,299.0,301.0,305.0,307.0,294.0,303.0,290.0,284.0,309.0,312.0,311.0,319.0,324.0,322.0,312.0,316.0,300.0,295.0,285.0,277.0,262.0,274.0,256.0,264.0,256.0,278.0,277.0,287.0,264.0,278.0,290.0,288.0,290.0,304.0,286.0,312.0,310.0,304.0,312.0,322.0,328.0,312.0,306.0,297.0,302.0,294.0,296.0,285.0,288.0,304.0,300.0,304.0,279.0,270.0,275.0,273.0,278.0,286.0,288.0,292.0,285.0,300.0,289.0,284.0,303.0,302.0,305.0,307.0,322.0,306.0,317.0,319.0,298.0,310.0,308.0,301.0,300.0,309.0,301.0,301.0,286.0,299.0,294.0,317.0,294.0,303.0,315.0,308.0,316.0,322.0,318.0,313.0,310.0,327.0,315.0,308.0,294.0,311.0,295.0,271.0,270.0,279.0,280.0,291.0,306.0,313.0,285.0,284.0,308.0,311.0,313.0,323.0,316.0,316.0,300.0,300.0,288.0,303.0,302.0,292.0,317.0,303.0,304.0,292.0,296.0,290.0,303.0,320.0,313.0,306.0,303.0,311.0,312.0,300.0,307.0,296.0,303.0,308.0,307.0,312.0,304.0,312.0
bound_multimer_2,0.0,0.0,0.0,0.0,0.0,0.0,0.0,0.0,2.0,2.0,4.0,10.0,12.0,15.0,12.0,13.0,15.0,20.0,31.0,27.0,26.0,39.0,46.0,62.0,58.0,70.0,73.0,75.0,98.0,102.0,112.0,123.0,138.0,130.0,130.0,152.0,159.0,169.0,183.0,188.0,213.0,225.0,254.0,272.0,269.0,266.0,273.0,288.0,286.0,308.0,319.0,282.0,319.0,344.0,350.0,370.0,384.0,381.0,415.0,424.0,441.0,433.0,478.0,477.0,468.0,461.0,493.0,465.0,476.0,508.0,519.0,495.0,521.0,537.0,557.0,569.0,559.0,553.0,563.0,590.0,605.0,612.0,627.0,632.0,617.0,607.0,622.0,640.0,609.0,663.0,677.0,675.0,679.0,669.0,682.0,708.0,703.0,674.0,730.0,724.0,734.0,740.0,720.0,738.0,755.0,774.0,772.0,779.0,782.0,776.0,795.0,794.0,811.0,788.0,799.0,807.0,823.0,829.0,838.0,856.0,860.0,896.0,836.0,841.0,881.0,865.0,848.0,889.0,859.0,866.0,900.0,900.0,935.0,942.0,910.0,906.0,942.0,943.0,931.0,964.0,944.0,944.0,916.0,932.0,937.0,895.0,934.0,940.0,938.0,940.0,924.0,917.0,923.0,936.0,949.0,921.0,940.0,971.0,957.0,961.0,970.0,973.0,980.0,990.0,970.0,954.0,969.0,994.0,996.0,1003.0,970.0,1006.0,985.0,947.0,978.0,975.0,956.0,991.0,965.0,987.0,963.0,957.0,971.0,1002.0,989.0,952.0,965.0,976.0,983.0,969.0,1015.0,1004.0,1011.0,994.0,1026.0,1005.0,996.0,1017.0,1021.0,1023.0,1020.0,1044.0,1031.0,1045.0,1056.0,1047.0,1048.0,1056.0,1044.0,1051.0,1080.0,1063.0,1071.0,1069.0,1112.0,1100.0,1115.0,1094.0,1082.0,1099.0,1151.0,1109.0,1127.0,1156.0,1128.0,1138.0,1146.0,1150.0,1140.0,1134.0,1173.0,1159.0,1134.0,1136.0,1164.0,1152.0,1147.0,1146.0,1133.0,1179.0,1181.0,1164.0,1140.0,1150.0,1168.0,1187.0,1165.0,1167.0,1197.0,1186.0,1176.0,1177.0,1152.0,1136.0,1173.0,1156.0,1178.0,1190.0,1178.0,1204.0,1206.0,1198.0,1188.0,1202.0,1216.0,1202.0,1217.0,1202.0,1206.0,1206.0,1212.0,1237.0,1208.0,1248.0,1227.0,1242.0,1235.0,1242.0,1257.0,1280.0,1242.0,1281.0,1253.0,1286.0,1237.0,1271.0,1302.0,1299.0,1311.0,1284.0,1296.0,1289.0,1302.0,1300.0,1308.0,1328.0,1308.0,1323.0,1334.0,1337.0,1333.0,1334.0,1338.0,1328.0,1369.0,1366.0,1388.0,1391.0,1389.0,1385.0,1392.0,1383.0,1394.0,1382.0,1387.0,1396.0,1386.0,1365.0,1373.0,1389.0,1435.0,1441.0,1431.0,1441.0,1430.0,1438.0,1415.0,1417.0,1421.0,1406.0,1406.0,1403.0,1416.0,1413.0,1401.0,1442.0,1392.0,1425.0,1421.0,1415.0,1419.0,1429.0,1449.0,1457.0,1450.0,1440.0,1435.0,1445.0,1448.0,1444.0,1439.0,1430.0,1435.0,1417.0,1392.0,1395.0,1429.0,1434.0,1422.0,1432.0,1432.0,1436.0,1445.0,1452.0,1466.0,1420.0,1436.0,1437.0,1447.0,1466.0,1449.0,1447.0,1456.0,1446.0,1439.0,1443.0,1430.0,1458.0,1433.0,1448.0,1444.0,1416.0,1432.0,1411.0,1459.0,1457.0,1464.0,1459.0,1443.0,1432.0,1473.0,1479.0,1446.0,1455.0,1445.0,1455.0,1447.0,1454.0,1460.0,1465.0,1457.0,1462.0,1459.0,1451.0,1456.0,1458.0,1486.0,1463.0,1477.0,1458.0,1473.0,1487.0,1488.0,1502.0,1501.0,1496.0,1477.0,1462.0,1482.0,1505.0,1491.0,1492.0,1477.0,1476.0,1457.0,1476.0,1465.0,1464.0,1483.0,1474.0,1484.0,1493.0,1482.0,1504.0,1498.0,1458.0,1498.0,1500.0,1483.0,1481.0,1490.0,1482.0,1484.0,1501.0,1515.0,1511.0,1488.0,1468.0,1476.0,1481.0,1470.0,1494.0,1470.0,1473.0,1474.0,1482.0,1468.0,1463.0,1469.0,1465.0,1481.0,1478.0,1462.0,1460.0,1474.0,1471.0,1489.0,1462.0,1469.0,1462.0,1464.0,1438.0,1458.0,1445.0,1458.0,1468.0,1480.0,1487.0,1488.0,1511.0,1490.0,1508.0,1523.0,1532.0,1500.0,1507.0,1504.0,1530.0,1484.0,1504.0,1512.0,1488.0,1487.0,1507.0,1473.0,1462.0,1499.0,1488.0,1455.0,1445.0,1470.0,1497.0,1485.0,1494.0,1476.0,1485.0,1507.0,1497.0,1474.0,1499.0,1499.0,1519.0,1525.0,1498.0,1519.0,1494.0,1519.0,1507.0,1496.0,1505.0,1486.0,1496.0,1503.0,1498.0,1509.0,1489.0,1486.0,1486.0,1501.0,1486.0,1490.0,1482.0,1487.0,1482.0,1480.0,1498.0,1486.0,1508.0,1528.0,1505.0,1508.0,1510.0,1507.0,1490.0,1487.0,1499.0,1502.0,1482.0,1505.0,1490.0,1474.0,1476.0,1488.0,1482.0,1492.0,1520.0,1492.0,1512.0,1533.0,1521.0,1539.0,1527.0,1522.0,1515.0,1511.0,1526.0,1526.0,1513.0,1527.0,1513.0,1493.0,1507.0,1509.0,1526.0,1534.0,1536.0,1532.0,1538.0,1528.0,1517.0,1537.0,1526.0,1547.0,1522.0,1550.0,1531.0,1499.0,1511.0,1534.0,1547.0,1508.0,1514.0,1519.0,1528.0,1531.0,1544.0,1525.0,1521.0,1520.0,1537.0,1531.0
free_multimer_0,2000.0,1972.0,1935.0,1911.0,1859.0,1806.0,1727.0,1663.0,1617.0,1556.0,1492.0,1445.0,1382.0,1338.0,1300.0,1251.0,1180.0,1129.0,1077.0,1033.0,998.0,938.0,901.0,859.0,835.0,817.0,789.0,760.0,720.0,675.0,655.0,652.0,633.0,612.0,598.0,593.0,560.0,523.0,518.0,499.0,484.0,465.0,454.0,453.0,442.0,431.0,417.0,399.0,368.0,368.0,364.0,360.0,349.0,339.0,346.0,343.0,336.0,327.0,333.0,312.0,323.0,303.0,295.0,293.0,278.0,264.0,256.0,246.0,237.0,246.0,228.0,229.0,219.0,220.0,213.0,212.0,206.0,207.0,196.0,185.0,192.0,196.0,174.0,174.0,176.0,183.0,179.0,174.0,166.0,163.0,166.0,162.0,162.0,165.0,161.0,162.0,165.0,167.0,156.0,154.0,154.0,154.0,156.0,148.0,145.0,142.0,148.0,139.0,141.0,138.0,125.0,133.0,132.0,137.0,137.0,137.0,142.0,131.0,124.0,123.0,124.0,127.0,126.0,126.0,120.0,121.0,124.0,122.0,124.0,123.0,111.0,113.0,119.0,111.0,119.0,109.0,106.0,98.0,97.0,103.0,103.0,109.0,98.0,104.0,98.0,98.0,103.0,101.0,102.0,94.0,91.0,96.0,107.0,100.0,105.0,100.0,106.0,102.0,98.0,92.0,104.0,95.0,103.0,108.0,108.0,116.0,113.0,99.0,96.0,97.0,91.0,95.0,94.0,103.0,100.0,101.0,101.0,93.0,98.0,98.0,95.0,98.0,97.0,100.0,101.0,107.0,106.0,100.0,100.0,107.0,104.0,109.0,102.0,94.0,104.0,109.0,111.0,111.0,112.0,105.0,100.0,102.0,109.0,105.0,107.0,110.0,108.0,106.0,102.0,100.0,107.0,98.0,96.0,98.0,97.0,89.0,94.0,97.0,98.0,87.0,88.0,85.0,90.0,93.0,97.0,89.0,91.0,94.0,86.0,94.0,93.0,103.0,98.0,99.0,100.0,102.0,97.0,98.0,96.0,94.0,101.0,94.0,90.0,97.0,97.0,99.0,99.0,93.0,96.0,97.0,100.0,104.0,95.0,88.0,93.0,95.0,93.0,97.0,88.0,99.0,93.0,95.0,92.0,95.0,94.0,96.0,94.0,90.0,89.0,99.0,96.0,100.0,91.0,90.0,94.0,94.0,97.0,85.0,91.0,89.0,88.0,89.0,86.0,94.0,91.0,92.0,87.0,81.0,83.0,88.0,91.0,89.0,90.0,90.0,92.0,91.0,84.0,77.0,81.0,77.0,81.0,77.0,80.0,73.0,74.0,65.0,67.0,66.0,69.0,66.0,65.0,63.0,60.0,57.0,53.0,52.0,55.0,54.0,57.0,53.0,52.0,50.0,48.0,45.0,52.0,52.0,51.0,52.0,53.0,50.0,54.0,52.0,57.0,53.0,52.0,59.0,60.0,57.0,59.0,59.0,57.0,57.0,58.0,51.0,51.0,53.0,54.0,53.0,52.0,59.0,62.0,59.0,61.0,57.0,53.0,53.0,49.0,55.0,51.0,53.0,46.0,47.0,44.0,41.0,44.0,43.0,46.0,48.0,56.0,51.0,49.0,48.0,47.0,49.0,44.0,40.0,41.0,43.0,43.0,40.0,39.0,43.0,43.0,44.0,43.0,43.0,41.0,39.0,42.0,46.0,42.0,43.0,39.0,36.0,38.0,38.0,43.0,38.0,40.0,39.0,39.0,39.0,38.0,41.0,38.0,35.0,34.0,34.0,36.0,33.0,34.0,32.0,36.0,35.0,37.0,37.0,35.0,34.0,37.0,40.0,41.0,38.0,38.0,48.0,46.0,48.0,47.0,46.0,47.0,48.0,46.0,49.0,45.0,48.0,46.0,50.0,49.0,47.0,44.0,46.0,46.0,54.0,50.0,50.0,52.0,54.0,55.0,55.0,48.0,48.0,48.0,46.0,40.0,42.0,39.0,38.0,37.0,38.0,40.0,45.0,40.0,41.0,43.0,43.0,39.0,41.0,42.0,43.0,48.0,45.0,44.0,46.0,45.0,46.0,40.0,38.0,41.0,38.0,36.0,32.0,37.0,34.0,34.0,34.0,32.0,36.0,33.0,35.0,36.0,37.0,39.0,36.0,38.0,37.0,36.0,35.0,36.0,34.0,32.0,35.0,34.0,35.0,34.0,36.0,36.0,36.0,43.0,38.0,39.0,43.0,40.0,43.0,42.0,43.0,43.0,45.0,45.0,43.0,45.0,45.0,40.0,42.0,46.0,44.0,41.0,41.0,41.0,43.0,43.0,43.0,44.0,44.0,48.0,46.0,43.0,41.0,49.0,47.0,44.0,45.0,46.0,45.0,45.0,42.0,46.0,45.0,42.0,43.0,43.0,40.0,38.0,36.0,37.0,39.0,42.0,39.0,39.0,43.0,41.0,36.0,38.0,39.0,38.0,39.0,37.0,35.0,33.0,34.0,35.0,35.0,32.0,31.0,27.0,28.0,27.0,29.0,30.0,29.0,30.0,29.0,32.0,28.0,30.0,29.0,28.0,30.0,31.0,28.0,32.0,31.0,33.0,31.0,28.0,31.0,33.0,29.0,28.0,28.0,29.0,30.0,27.0
free_multimer_1,0.0,6.0,29.0,58.0,97.0,144.0,213.0,265.0,299.0,345.0,400.0,420.0,453.0,483.0,505.0,545.0,597.0,622.0,639.0,659.0,686.0,697.0,703.0,720.0,703.0,710.0,708.0,697.0,714.0,715.0,704.0,705.0,699.0,676.0,681.0,669.0,667.0,684.0,666.0,656.0,666.0,649.0,637.0,635.0,636.0,628.0,628.0,591.0,601.0,613.0,579.0,592.0,567.0,564.0,563.0,525.0,515.0,515.0,490.0,482.0,473.0,464.0,462.0,471.0,445.0,451.0,476.0,465.0,456.0,441.0,447.0,444.0,436.0,420.0,410.0,401.0,405.0,402.0,390.0,402.0,405.0,399.0,389.0,372.0,362.0,367.0,376.0,361.0,356.0,360.0,359.0,364.0,349.0,351.0,353.0,363.0,349.0,357.0,347.0,331.0,329.0,306.0,331.0,335.0,338.0,335.0,329.0,340.0,338.0,323.0,316.0,297.0,308.0,312.0,298.0,315.0,322.0,304.0,292.0,290.0,283.0,291.0,284.0,295.0,266.0,273.0,274.0,259.0,289.0,274.0,255.0,267.0,273.0,264.0,263.0,268.0,256.0,259.0,254.0,247.0,242.0,232.0,233.0,240.0,238.0,230.0,244.0,242.0,234.0,224.0,219.0,225.0,220.0,235.0,225.0,227.0,219.0,228.0,225.0,237.0,210.0,205.0,207.0,210.0,220.0,218.0,205.0,209.0,228.0,219.0,214.0,233.0,228.0,212.0,216.0,211.0,218.0,248.0,238.0,228.0,238.0,251.0,225.0,229.0,216.0,211.0,220.0,190.0,196.0,199.0,191.0,184.0,174.0,182.0,188.0,204.0,198.0,185.0,207.0,197.0,180.0,180.0,181.0,173.0,201.0,187.0,167.0,176.0,186.0,194.0,167.0,162.0,169.0,166.0,155.0,161.0,166.0,153.0,160.0,154.0,144.0,154.0,150.0,145.0,137.0,150.0,144.0,135.0,132.0,154.0,147.0,139.0,138.0,126.0,129.0,130.0,129.0,156.0,129.0,124.0,136.0,146.0,131.0,132.0,140.0,136.0,128.0,120.0,139.0,146.0,155.0,147.0,152.0,163.0,140.0,141.0,135.0,141.0,124.0,127.0,143.0,118.0,125.0,132.0,127.0,127.0,114.0,118.0,110.0,127.0,115.0,120.0,120.0,131.0,114.0,108.0,107.0,96.0,99.0,93.0,97.0,103.0,94.0,96.0,97.0,84.0,96.0,100.0,104.0,107.0,101.0,98.0,98.0,112.0,106.0,99.0,100.0,82.0,90.0,80.0,77.0,92.0,89.0,77.0,81.0,86.0,76.0,95.0,87.0,90.0,85.0,79.0,79.0,97.0,77.0,94.0,78.0,81.0,93.0,74.0,82.0,85.0,95.0,89.0,94.0,87.0,84.0,93.0,83.0,77.0,70.0,73.0,71.0,78.0,73.0,67.0,64.0,72.0,68.0,71.0,73.0,71.0,55.0,59.0,76.0,75.0,73.0,76.0,69.0,74.0,63.0,80.0,80.0,79.0,82.0,71.0,75.0,71.0,76.0,70.0,72.0,74.0,74.0,82.0,77.0,76.0,71.0,70.0,74.0,76.0,69.0,67.0,73.0,65.0,66.0,64.0,74.0,75.0,78.0,74.0,76.0,86.0,76.0,81.0,75.0,77.0,64.0,69.0,75.0,74.0,72.0,71.0,71.0,69.0,66.0,68.0,61.0,72.0,67.0,62.0,73.0,67.0,57.0,57.0,58.0,56.0,46.0,44.0,45.0,53.0,46.0,55.0,58.0,46.0,55.0,57.0,66.0,63.0,60.0,55.0,65.0,65.0,49.0,59.0,62.0,54.0,64.0,66.0,62.0,47.0,51.0,50.0,50.0,49.0,46.0,52.0,43.0,52.0,50.0,53.0,42.0,37.0,40.0,42.0,32.0,46.0,46.0,36.0,45.0,47.0,42.0,45.0,47.0,50.0,41.0,54.0,45.0,32.0,40.0,39.0,33.0,35.0,37.0,42.0,31.0,40.0,44.0,37.0,30.0,35.0,37.0,28.0,38.0,40.0,38.0,48.0,45.0,45.0,41.0,40.0,42.0,52.0,38.0,46.0,34.0,45.0,37.0,40.0,32.0,42.0,36.0,38.0,36.0,44.0,46.0,40.0,32.0,30.0,34.0,32.0,42.0,32.0,31.0,36.0,44.0,42.0,33.0,30.0,24.0,32.0,34.0,37.0,42.0,41.0,45.0,42.0,34.0,38.0,34.0,39.0,28.0,35.0,46.0,33.0,32.0,39.0,45.0,30.0,30.0,43.0,35.0,42.0,40.0,34.0,43.0,32.0,19.0,25.0,23.0,34.0,33.0,32.0,29.0,46.0,37.0,23.0,26.0,30.0,36.0,36.0,29.0,32.0,27.0,31.0,38.0,30.0,23.0,27.0,37.0,28.0,33.0,30.0,27.0,24.0,27.0,29.0,26.0,34.0,29.0,33.0,31.0,30.0,30.0,22.0,26.0,26.0,21.0,22.0,24.0,21.0,31.0,30.0,30.0,30.0,32.0,33.0,28.0,27.0,30.0,35.0,39.0,38.0,48.0,37.0,30.0,19.0,24.0,31.0,26.0,28.0,24.0
free_multimer_2,0.0,0.0,1.0,1.0,3.0,5.0,9.0,17.0,20.0,27.0,32.0,44.0,60.0,83.0,100.0,103.0,116.0,133.0,157.0,174.0,190.0,206.0,221.0,236.0,269.0,277.0,295.0,322.0,339.0,362.0,377.0,384.0,384.0,414.0,438.0,431.0,455.0,469.0,474.0,489.0,481.0,488.0,486.0,464.0,480.0,490.0,507.0,527.0,551.0,533.0,538.0,580.0,570.0,561.0,565.0,554.0,559.0,587.0,568.0,589.0,582.0,603.0,565.0,585.0,606.0,618.0,578.0,624.0,622.0,611.0,612.0,642.0,629.0,636.0,638.0,624.0,616.0,623.0,634.0,604.0,597.0,590.0,578.0,587.0,594.0,609.0,601.0,585.0,622.0,588.0,585.0,570.0,558.0,565.0,565.0,545.0,546.0,578.0,537.0,554.0,522.0,526.0,558.0,546.0,531.0,509.0,510.0,511.0,493.0,518.0,509.0,520.0,504.0,509.0,487.0,493.0,492.0,498.0,490.0,484.0,485.0,450.0,520.0,511.0,485.0,487.0,504.0,466.0,485.0,475.0,449.0,466.0,442.0,422.0,461.0,464.0,435.0,440.0,449.0,420.0,449.0,470.0,490.0,464.0,464.0,502.0,452.0,452.0,460.0,452.0,473.0,470.0,473.0,466.0,456.0,477.0,454.0,432.0,447.0,452.0,457.0,452.0,442.0,420.0,436.0,454.0,440.0,423.0,424.0,420.0,454.0,419.0,433.0,455.0,438.0,430.0,442.0,397.0,398.0,395.0,421.0,415.0,402.0,372.0,386.0,420.0,416.0,409.0,416.0,441.0,404.0,413.0,407.0,423.0,402.0,415.0,426.0,405.0,393.0,397.0,408.0,373.0,383.0,370.0,361.0,366.0,366.0,364.0,378.0,371.0,351.0,368.0,379.0,389.0,357.0,369.0,359.0,380.0,385.0,374.0,329.0,366.0,354.0,338.0,363.0,348.0,340.0,344.0,347.0,332.0,291.0,296.0,326.0,324.0,303.0,309.0,326.0,326.0,350.0,309.0,290.0,289.0,309.0,321.0,312.0,300.0,318.0,311.0,270.0,289.0,286.0,280.0,289.0,295.0,263.0,283.0,268.0,256.0,258.0,231.0,236.0,228.0,241.0,235.0,236.0,240.0,234.0,253.0,249.0,246.0,247.0,221.0,257.0,219.0,262.0,238.0,252.0,247.0,230.0,217.0,242.0,219.0,231.0,210.0,255.0,225.0,193.0,203.0,191.0,214.0,206.0,205.0,206.0,205.0,219.0,197.0,204.0,199.0,196.0,195.0,199.0,196.0,191.0,207.0,189.0,199.0,178.0,178.0,187.0,195.0,188.0,193.0,177.0,197.0,193.0,187.0,197.0,202.0,191.0,203.0,170.0,170.0,171.0,170.0,166.0,169.0,160.0,165.0,167.0,183.0,178.0,177.0,169.0,185.0,197.0,161.0,195.0,167.0,173.0,175.0,185.0,183.0,171.0,167.0,177.0,171.0,171.0,174.0,160.0,161.0,161.0,164.0,166.0,182.0,183.0,190.0,174.0,153.0,171.0,155.0,169.0,165.0,152.0,157.0,134.0,180.0,161.0,154.0,159.0,140.0,157.0,172.0,152.0,164.0,151.0,161.0,165.0,140.0,146.0,137.0,151.0,165.0,144.0,168.0,146.0,150.0,148.0,160.0,164.0,175.0,143.0,121.0,158.0,154.0,159.0,140.0,135.0,150.0,137.0,149.0,150.0,136.0,139.0,155.0,144.0,152.0,146.0,168.0,146.0,164.0,159.0,156.0,159.0,141.0,141.0,142.0,141.0,150.0,129.0,115.0,126.0,125.0,134.0,137.0,149.0,140.0,139.0,138.0,127.0,138.0,136.0,133.0,143.0,128.0,123.0,158.0,131.0,122.0,135.0,137.0,136.0,144.0,145.0,123.0,127.0,119.0,120.0,120.0,119.0,123.0,137.0,114.0,124.0,135.0,126.0,113.0,123.0,118.0,126.0,133.0,123.0,117.0,127.0,138.0,130.0,137.0,126.0,136.0,128.0,133.0,123.0,151.0,122.0,140.0,132.0,131.0,126.0,129.0,139.0,134.0,143.0,133.0,126.0,118.0,142.0,117.0,121.0,116.0,151.0,108.0,108.0,129.0,121.0,109.0,116.0,134.0,113.0,121.0,133.0,137.0,119.0,112.0,135.0,115.0,127.0,118.0,113.0,124.0,141.0,109.0,103.0,104.0,99.0,123.0,101.0,122.0,99.0,106.0,117.0,112.0,126.0,113.0,98.0,97.0,90.0,102.0,99.0,100.0,99.0,93.0,89.0,107.0,91.0,107.0,106.0,99.0,117.0,94.0,78.0,107.0,93.0,97.0,82.0,100.0,103.0,93.0,98.0,109.0,74.0,95.0,119.0,118.0,93.0,105.0,98.0,88.0,104.0,99.0,92.0,114.0,85.0,100.0,97.0,96.0,93.0,104.0,110.0,90.0,82.0,88.0,102.0,94.0,94.0,100.0,90.0,98.0,93.0,87.0,109.0,99.0,81.0,91.0,85.0,106.0,83.0,86.0,99.0,97.0,79.0,67.0,96.0,86.0,85.0,81.0,93.0,83.0,93.0,90.0,88.0,81.0,90.0
