,0,1,2,3,4,5,6,7,8,9,10,11,12,13,14,15,16,17,18,19,20,21,22,23,24,25,26,27,28,29,30,31,32,33,34,35,36,37,38,39,40,41,42,43,44,45,46,47,48,49,50,51,52,53,54,55,56,57,58,59,60,61,62,63,64,65,66,67,68,69,70,71,72,73,74,75,76,77,78,79,80,81,82,83,84,85,86,87,88,89,90,91,92,93,94,95,96,97,98,99,100,101,102,103,104,105,106,107,108,109,110,111,112,113,114,115,116,117,118,119,120,121,122,123,124,125,126,127,128,129,130,131,132,133,134,135,136,137,138,139,140,141,142,143,144,145,146,147,148,149,150,151,152,153,154,155,156,157,158,159,160,161,162,163,164,165,166,167,168,169,170,171,172,173,174,175,176,177,178,179,180,181,182,183,184,185,186,187,188,189,190,191,192,193,194,195,196,197,198,199,200,201,202,203,204,205,206,207,208,209,210,211,212,213,214,215,216,217,218,219,220,221,222,223,224,225,226,227,228,229,230,231,232,233,234,235,236,237,238,239,240,241,242,243,244,245,246,247,248,249,250,251,252,253,254,255,256,257,258,259,260,261,262,263,264,265,266,267,268,269,270,271,272,273,274,275,276,277,278,279,280,281,282,283,284,285,286,287,288,289,290,291,292,293,294,295,296,297,298,299,300,301,302,303,304,305,306,307,308,309,310,311,312,313,314,315,316,317,318,319,320,321,322,323,324,325,326,327,328,329,330,331,332,333,334,335,336,337,338,339,340,341,342,343,344,345,346,347,348,349,350,351,352,353,354,355,356,357,358,359,360,361,362,363,364,365,366,367,368,369,370,371,372,373,374,375,376,377,378,379,380,381,382,383,384,385,386,387,388,389,390,391,392,393,394,395,396,397,398,399,400,401,402,403,404,405,406,407,408,409,410,411,412,413,414,415,416,417,418,419,420,421,422,423,424,425,426,427,428,429,430,431,432,433,434,435,436,437,438,439,440,441,442,443,444,445,446,447,448,449,450,451,452,453,454,455,456,457,458,459,460,461,462,463,464,465,466,467,468,469,470,471,472,473,474,475,476,477,478,479,480,481,482,483,484,485,486,487,488,489,490,491,492,493,494,495,496,497,498,499,500,501,502,503,504,505,506,507,508,509,510,511,512,513,514,515,516,517,518,519,520,521,522,523,524,525,526,527,528,529,530,531,532,533,534,535,536,537,538,539,540,541,542,543,544,545,546,547,548,549,550,551,552,553,554,555,556,557,558,559,560,561,562,563,564,565,566,567,568,569,570,571,572,573,574,575,576,577,578,579,580,581,582,583,584,585,586,587,588,589,590,591,592,593,594,595,596,597,598,599,600
Time,0.0,1.0,2.0,3.0,4.0,5.0,6.0,7.0,8.0,9.0,10.0,11.0,12.0,13.0,14.0,15.0,16.0,17.0,18.0,19.0,20.0,21.0,22.0,23.0,24.0,25.0,26.0,27.0,28.0,29.0,30.0,31.0,32.0,33.0,34.0,35.0,36.0,37.0,38.0,39.0,40.0,41.0,42.0,43.0,44.0,45.0,46.0,47.0,48.0,49.0,50.0,51.0,52.0,53.0,54.0,55.0,56.0,57.0,58.0,59.0,60.0,61.0,62.0,63.0,64.0,65.0,66.0,67.0,68.0,69.0,70.0,71.0,72.0,73.0,74.0,75.0,76.0,77.0,78.0,79.0,80.0,81.0,82.0,83.0,84.0,85.0,86.0,87.0,88.0,89.0,90.0,91.0,92.0,93.0,94.0,95.0,96.0,97.0,98.0,99.0,100.0,101.0,102.0,103.0,104.0,105.0,106.0,107.0,108.0,109.0,110.0,111.0,112.0,113.0,114.0,115.0,116.0,117.0,118.0,119.0,120.0,121.0,122.0,123.0,124.0,125.0,126.0,127.0,128.0,129.0,130.0,131.0,132.0,133.0,134.0,135.0,136.0,137.0,138.0,139.0,140.0,141.0,142.0,143.0,144.0,145.0,146.0,147.0,148.0,149.0,150.0,151.0,152.0,153.0,154.0,155.0,156.0,157.0,158.0,159.0,160.0,161.0,162.0,163.0,164.0,165.0,166.0,167.0,168.0,169.0,170.0,171.0,172.0,173.0,174.0,175.0,176.0,177.0,178.0,179.0,180.0,181.0,182.0,183.0,184.0,185.0,186.0,187.0,188.0,189.0,190.0,191.0,192.0,193.0,194.0,195.0,196.0,197.0,198.0,199.0,200.0,201.0,202.0,203.0,204.0,205.0,206.0,207.0,208.0,209.0,210.0,211.0,212.0,213.0,214.0,215.0,216.0,217.0,218.0,219.0,220.0,221.0,222.0,223.0,224.0,225.0,226.0,227.0,228.0,229.0,230.0,231.0,232.0,233.0,234.0,235.0,236.0,237.0,238.0,239.0,240.0,241.0,242.0,243.0,244.0,245.0,246.0,247.0,248.0,249.0,250.0,251.0,252.0,253.0,254.0,255.0,256.0,257.0,258.0,259.0,260.0,261.0,262.0,263.0,264.0,265.0,266.0,267.0,268.0,269.0,270.0,271.0,272.0,273.0,274.0,275.0,276.0,277.0,278.0,279.0,280.0,281.0,282.0,283.0,284.0,285.0,286.0,287.0,288.0,289.0,290.0,291.0,292.0,293.0,294.0,295.0,296.0,297.0,298.0,299.0,300.0,301.0,302.0,303.0,304.0,305.0,306.0,307.0,308.0,309.0,310.0,311.0,312.0,313.0,314.0,315.0,316.0,317.0,318.0,319.0,320.0,321.0,322.0,323.0,324.0,325.0,326.0,327.0,328.0,329.0,330.0,331.0,332.0,333.0,334.0,335.0,336.0,337.0,338.0,339.0,340.0,341.0,342.0,343.0,344.0,345.0,346.0,347.0,348.0,349.0,350.0,351.0,352.0,353.0,354.0,355.0,356.0,357.0,358.0,359.0,360.0,361.0,362.0,363.0,364.0,365.0,366.0,367.0,368.0,369.0,370.0,371.0,372.0,373.0,374.0,375.0,376.0,377.0,378.0,379.0,380.0,381.0,382.0,383.0,384.0,385.0,386.0,387.0,388.0,389.0,390.0,391.0,392.0,393.0,394.0,395.0,396.0,397.0,398.0,399.0,400.0,401.0,402.0,403.0,404.0,405.0,406.0,407.0,408.0,409.0,410.0,411.0,412.0,413.0,414.0,415.0,416.0,417.0,418.0,419.0,420.0,421.0,422.0,423.0,424.0,425.0,426.0,427.0,428.0,429.0,430.0,431.0,432.0,433.0,434.0,435.0,436.0,437.0,438.0,439.0,440.0,441.0,442.0,443.0,444.0,445.0,446.0,447.0,448.0,449.0,450.0,451.0,452.0,453.0,454.0,455.0,456.0,457.0,458.0,459.0,460.0,461.0,462.0,463.0,464.0,465.0,466.0,467.0,468.0,469.0,470.0,471.0,472.0,473.0,474.0,475.0,476.0,477.0,478.0,479.0,480.0,481.0,482.0,483.0,484.0,485.0,486.0,487.0,488.0,489.0,490.0,491.0,492.0,493.0,494.0,495.0,496.0,497.0,498.0,499.0,500.0,501.0,502.0,503.0,504.0,505.0,506.0,507.0,508.0,509.0,510.0,511.0,512.0,513.0,514.0,515.0,516.0,517.0,518.0,519.0,520.0,521.0,522.0,523.0,524.0,525.0,526.0,527.0,528.0,529.0,530.0,531.0,532.0,533.0,534.0,535.0,536.0,537.0,538.0,539.0,540.0,541.0,542.0,543.0,544.0,545.0,546.0,547.0,548.0,549.0,550.0,551.0,552.0,553.0,554.0,555.0,556.0,557.0,558.0,559.0,560.0,561.0,562.0,563.0,564.0,565.0,566.0,567.0,568.0,569.0,570.0,571.0,572.0,573.0,574.0,575.0,576.0,577.0,578.0,579.0,580.0,581.0,582.0,583.0,584.0,585.0,586.0,587.0,588.0,589.0,590.0,591.0,592.0,593.0,594.0,595.0,596.0,597.0,598.0,599.0,600.0
a1,1.0,1.001399,1.00274,1.002881,1.004185,1.003775,1.004937,1.003425,1.003231,1.00297,1.002305,1.002478,1.003173,1.004435,1.005133,1.005339,1.004348,1.00321,1.002269,1.003068,1.002075,1.001642,1.002732,1.002706,1.002578,1.003158,1.003025,1.001872,1.000934,1.002162,1.001877,1.00217,1.001992,1.002098,1.001824,1.001561,1.001858,1.001761,1.001757,1.000851,0.998991,0.998127,0.996606,0.994826,0.992744,0.992238,0.99168,0.991379,0.990562,0.990693,0.991436,0.993462,0.993834,0.992562,0.99068,0.992226,0.993376,0.994265,0.993009,0.993431,0.994315,0.996509,0.998252,0.996328,0.994875,0.993487,0.993857,0.99336,0.992321,0.992602,0.992774,0.993611,0.994396,0.996861,0.997309,0.99787,0.998285,0.999235,0.998673,0.998685,1.000146,0.997185,0.996432,0.99555,0.994659,0.996522,0.997848,0.998595,1.000094,0.999967,1.000082,1.001247,1.002532,1.002265,1.001274,1.000678,0.99995,0.998582,0.997908,0.997146,0.997246,0.997113,0.998435,0.998119,0.997487,0.997784,0.998396,0.999304,0.999035,0.998402,0.998528,0.998584,1.000726,1.002723,1.002171,1.001305,1.000002,0.999768,0.997644,0.994957,0.995114,0.995659,0.996475,0.997368,0.998081,0.999826,0.999046,0.998595,0.997718,0.996086,0.995365,0.994948,0.99485,0.994699,0.994108,0.994981,0.995671,0.996095,0.995552,0.995962,0.996871,0.996489,0.997442,0.9966,0.998947,1.001067,1.001026,0.999541,1.000606,1.00148,1.000642,1.000313,1.001205,1.00088,1.00044,0.999658,0.998794,0.9961,0.995924,0.997105,0.997484,0.997927,0.99758,0.998046,0.99811,0.997737,0.999341,0.997886,0.996828,0.996684,0.996119,0.994668,0.9946,0.995282,0.995268,0.994621,0.992797,0.992361,0.993289,0.991763,0.992361,0.993738,0.993725,0.993747,0.993633,0.994454,0.993688,0.993028,0.993545,0.994026,0.993434,0.993847,0.993828,0.993489,0.99248,0.991143,0.9907,0.989,0.9897,0.99139,0.99224,0.992388,0.989045,0.988516,0.987093,0.986425,0.98449,0.984445,0.983109,0.981618,0.981834,0.981063,0.982085,0.98265,0.983602,0.983359,0.984148,0.984613,0.984097,0.983648,0.981379,0.980302,0.977197,0.974909,0.973205,0.973233,0.97129,0.970275,0.969105,0.968173,0.966779,0.967005,0.966172,0.962066,0.959901,0.957783,0.956158,0.958117,0.959461,0.96039,0.959563,0.959785,0.960367,0.95999,0.959002,0.960205,0.961404,0.96216,0.961305,0.95975,0.95869,0.958865,0.956478,0.956359,0.955784,0.956348,0.959298,0.962071,0.963252,0.964427,0.965438,0.967758,0.969124,0.970319,0.971035,0.972554,0.973285,0.973432,0.973069,0.972674,0.971817,0.972769,0.971577,0.970518,0.969611,0.96779,0.965173,0.964219,0.963588,0.963428,0.962915,0.963138,0.964224,0.965659,0.96597,0.966123,0.96856,0.969361,0.968358,0.967514,0.96945,0.970746,0.969618,0.968028,0.968963,0.967419,0.96741,0.968109,0.969339,0.968867,0.967938,0.967222,0.968578,0.968104,0.969561,0.971142,0.970876,0.971689,0.971041,0.971937,0.972496,0.973236,0.978409,0.979268,0.977901,0.976534,0.976734,0.977627,0.977428,0.978522,0.979862,0.980862,0.981435,0.985837,0.986053,0.985989,0.988034,0.987204,0.988928,0.987629,0.988594,0.991683,0.993311,0.995275,0.996806,0.996035,0.997732,0.995642,0.994767,0.998971,1.001845,1.001257,1.002327,1.002929,1.003692,1.003587,1.005438,1.006049,1.005235,1.003752,1.002605,1.002533,1.002205,1.003434,1.005727,1.005355,1.00895,1.009618,1.01178,1.01311,1.013077,1.014722,1.013973,1.011814,1.012202,1.013021,1.014127,1.012828,1.011628,1.010116,1.009265,1.008106,1.009444,1.008733,1.009805,1.009332,1.007996,1.008849,1.009136,1.007796,1.004815,1.005577,1.007159,1.006382,1.006378,1.007025,1.00822,1.009744,1.012736,1.013862,1.014762,1.015479,1.014839,1.013727,1.014037,1.012464,1.014458,1.016096,1.017812,1.018582,1.017476,1.013605,1.012418,1.013541,1.011528,1.011222,1.008622,1.011076,1.011018,1.013201,1.014776,1.014039,1.014023,1.01276,1.010528,1.009971,1.011608,1.010212,1.00939,1.01279,1.014348,1.015374,1.017365,1.018863,1.01918,1.018216,1.018068,1.019557,1.018785,1.020793,1.021829,1.022484,1.024291,1.023129,1.022602,1.021716,1.021226,1.019591,1.018856,1.015458,1.016374,1.016422,1.015242,1.013236,1.011423,1.009237,1.010841,1.010808,1.010266,1.011747,1.010539,1.006751,1.009592,1.009043,1.006991,1.007048,1.005215,1.004916,1.007066,1.007524,1.006667,1.004548,1.005312,1.006571,1.006118,1.00545,1.004905,1.004679,1.00387,1.003393,1.004887,1.003226,1.000246,1.000061,1.000002,1.000494,0.999059,0.999609,0.999807,1.000942,1.003376,1.000109,0.999316,0.997259,0.995195,0.992251,0.990125,0.990597,0.989086,0.986295,0.985208,0.982557,0.982703,0.983752,0.983285,0.980731,0.980904,0.982587,0.97857,0.978626,0.977718,0.976092,0.978386,0.977115,0.976072,0.975889,0.976855,0.975569,0.973343,0.975556,0.980152,0.981398,0.981568,0.982864,0.984209,0.982286,0.981199,0.980452,0.978333,0.981421,0.978706,0.979649,0.980466,0.979642,0.979912,0.980747,0.9792,0.974765,0.976293,0.975751,0.975965,0.973898,0.970955,0.971139,0.972217,0.970794,0.970654,0.96846,0.966435,0.964832,0.96339,0.962738,0.963456,0.961596,0.96196,0.962566,0.957959,0.956813,0.956899,0.957942,0.960262,0.96015,0.958965,0.959781,0.957404,0.955704,0.953854,0.954509,0.957265,0.958893,0.959636,0.957868,0.954244,0.948821,0.944912,0.942864,0.942826,0.943354,0.941477,0.941482,0.940375,0.938682,0.938596,0.937522,0.937858,0.936044,0.93447,0.938919,0.939017,0.942026,0.944266,0.943607,0.941831,0.943515,0.945289,0.945071,0.945709,0.943941,0.947728,0.949715,0.948021,0.949874,0.949545,0.947819,0.947142,0.948511,0.945415,0.943826,0.944024,0.944884,0.949421
a2,1.0,0.999655,0.998633,0.998863,0.997662,0.998244,0.997263,0.999209,0.99951,1.000088,1.000705,1.000314,1.000665,1.000235,0.997953,0.996841,0.996017,0.99656,0.996795,0.997467,0.998174,1.000199,0.998694,0.999995,1.001717,1.002358,1.001912,1.002344,1.003125,1.002466,1.0031,1.002885,1.003675,1.003389,1.003477,1.00327,1.004099,1.003951,1.003459,1.005092,1.00375,1.002129,1.001693,1.001108,1.002136,1.002396,1.002917,1.003846,1.003349,1.001706,1.000856,0.999951,0.999475,1.000503,1.002603,1.001274,1.000859,1.000306,1.000962,1.000091,0.998354,0.99745,0.997241,0.998436,1.000065,1.001836,1.001627,1.003931,1.004922,1.004977,1.004343,1.00369,1.002833,1.001165,1.001229,1.001425,1.002053,1.002031,1.001905,1.001318,1.000196,1.000345,0.999899,0.999948,1.000533,0.99937,0.998576,0.998833,0.996279,0.996178,0.994656,0.992082,0.990566,0.992027,0.992354,0.994382,0.994747,0.994964,0.994567,0.995313,0.995439,0.996146,0.993619,0.993379,0.993807,0.995021,0.995526,0.994879,0.99467,0.996958,0.996501,0.99707,0.995197,0.994411,0.99459,0.994933,0.995433,0.994523,0.995529,0.996377,0.99721,0.997091,0.997694,0.996311,0.996741,0.995341,0.996469,0.997214,0.997302,0.998482,1.000207,1.000997,1.001329,1.002679,1.004191,1.003917,1.004222,1.004371,1.00571,1.005604,1.004743,1.005028,1.004965,1.005374,1.00427,1.002555,1.001978,1.002975,1.001845,1.001335,1.001835,1.002627,1.002276,1.00385,1.004607,1.005069,1.005962,1.005791,1.004921,1.00341,1.002637,1.002456,1.00257,1.002466,1.002946,1.003978,1.003965,1.007136,1.00926,1.008615,1.009373,1.009457,1.010178,1.010423,1.010404,1.010412,1.010778,1.010353,1.008787,1.009536,1.008413,1.007046,1.006353,1.005534,1.004538,1.003683,1.00325,1.003052,1.002801,1.000666,0.998516,0.998111,0.999733,0.999508,0.999,0.998355,0.999079,1.00196,1.001122,1.000425,0.998997,0.99855,0.998366,0.998145,0.999509,0.999132,1.000311,1.00107,1.001251,1.001313,1.001594,1.00112,0.999867,0.999605,0.998257,0.99872,0.998652,0.998368,0.998166,0.998356,0.998631,1.000114,1.000838,1.002482,1.002834,0.999772,1.000036,0.99978,0.998807,1.000219,1.000955,1.000877,1.001718,1.003513,1.006652,1.007829,1.009675,1.008713,1.0072,1.006541,1.006419,1.004492,1.004663,1.004599,1.003468,1.001751,1.001774,1.000978,1.001416,1.002949,1.00338,1.003326,1.00487,1.003991,1.004978,1.004201,1.002451,1.000922,1.002262,1.002072,1.002213,1.000774,1.000953,1.000877,1.0013,0.999922,0.99927,0.998059,0.998612,0.999783,1.000792,1.001026,1.00227,1.00435,1.004219,1.005283,1.00718,1.007958,1.007365,1.007544,1.009013,1.008657,1.008717,1.008021,1.007904,1.00798,1.006195,1.005098,1.004966,1.004202,1.001989,1.002278,1.003825,1.003445,1.002916,1.004654,1.005122,1.002608,1.002796,1.00441,1.003961,1.003049,1.003064,1.005833,1.006294,1.006536,1.006266,1.004582,1.004813,1.004761,1.004724,1.004402,1.001156,0.999485,0.997597,0.998251,0.998157,0.998313,0.999037,0.998535,0.997695,0.998046,0.996207,0.993017,0.992243,0.992065,0.99146,0.992454,0.990297,0.991373,0.991135,0.98689,0.983578,0.983032,0.982271,0.980611,0.979076,0.980976,0.982524,0.979618,0.977399,0.975107,0.974659,0.973365,0.973568,0.975002,0.973801,0.974829,0.975643,0.976966,0.979246,0.980429,0.98139,0.981795,0.98032,0.978663,0.976915,0.977936,0.977745,0.976617,0.973886,0.972875,0.97267,0.97509,0.973668,0.971748,0.97084,0.970919,0.970687,0.970874,0.969972,0.969442,0.968128,0.969153,0.969954,0.969714,0.96823,0.966097,0.96585,0.964173,0.964432,0.962787,0.962044,0.962475,0.96098,0.959056,0.959311,0.960848,0.962266,0.962138,0.961304,0.962366,0.963642,0.96528,0.966828,0.967159,0.964283,0.962552,0.961969,0.963153,0.964245,0.964881,0.964713,0.96597,0.967868,0.967487,0.969613,0.967737,0.966972,0.967136,0.967332,0.969809,0.969715,0.970315,0.971903,0.971542,0.973717,0.971638,0.969974,0.967162,0.965474,0.965229,0.967008,0.964904,0.965265,0.965236,0.964925,0.964394,0.964205,0.964633,0.961365,0.957997,0.955994,0.954982,0.952078,0.95226,0.95276,0.95297,0.955023,0.95896,0.958224,0.95683,0.955889,0.956623,0.957452,0.957752,0.956881,0.957055,0.954738,0.952372,0.952611,0.953294,0.952254,0.95187,0.951816,0.949686,0.947579,0.946065,0.945908,0.945444,0.944881,0.945533,0.946636,0.947395,0.94649,0.947785,0.948773,0.949806,0.950942,0.952494,0.95015,0.950992,0.952691,0.951242,0.949522,0.948578,0.948226,0.947487,0.948192,0.946993,0.944463,0.944226,0.946554,0.94809,0.949893,0.950321,0.952738,0.951554,0.950956,0.951819,0.948277,0.947924,0.948618,0.946117,0.944915,0.946197,0.948962,0.949556,0.950242,0.950657,0.953121,0.955743,0.953774,0.952842,0.950248,0.950358,0.949678,0.950475,0.949916,0.95005,0.945569,0.943744,0.94366,0.939315,0.939195,0.940977,0.940982,0.941191,0.943825,0.941503,0.94152,0.940424,0.93996,0.938702,0.938651,0.937918,0.93813,0.938507,0.93746,0.937895,0.9369,0.936396,0.937246,0.937557,0.9365,0.937004,0.938692,0.935671,0.938854,0.937269,0.940371,0.940132,0.937244,0.936962,0.935227,0.93622,0.93884,0.940289,0.938489,0.937194,0.934745,0.93484,0.932844,0.931899,0.931989,0.934104,0.936331,0.935943,0.931569,0.930861,0.928648,0.927653,0.928728,0.928305,0.92831,0.928618,0.92754,0.926683,0.927601,0.929644,0.929,0.927306,0.928281,0.928988,0.928022,0.926188,0.92549,0.92201,0.92066,0.919534,0.918821,0.919579,0.918623,0.917987,0.916089,0.918595,0.918678,0.917093,0.916574,0.915937,0.917222,0.916125,0.914011,0.913575,0.914026,0.911884,0.91647,0.918653,0.9201,0.920277,0.917487
a3,1.0,0.998948,0.998632,0.998263,0.998166,0.997992,0.997818,0.997375,0.997268,0.996951,0.996997,0.997215,0.996175,0.995351,0.996933,0.997842,0.999653,1.000241,1.000944,0.999473,0.999755,0.998163,0.99858,0.997306,0.995719,0.994507,0.995082,0.995798,0.995954,0.995387,0.995042,0.994964,0.994358,0.994536,0.994721,0.995188,0.994071,0.994313,0.994805,0.994088,0.997271,0.999748,1.00171,1.004088,1.005162,1.005413,1.005457,1.004831,1.006159,1.007675,1.007776,1.006631,1.006734,1.006987,1.006788,1.006553,1.005805,1.005461,1.006072,1.006521,1.007375,1.006068,1.004522,1.005258,1.005087,1.00471,1.004546,1.002743,1.002803,1.002464,1.002923,1.00273,1.002794,1.001982,1.001467,1.000708,0.999665,0.998738,0.999425,0.999999,0.999658,1.002477,1.003682,1.004522,1.004834,1.004123,1.003586,1.002577,1.00364,1.00387,1.00529,1.006727,1.006974,1.005759,1.006423,1.004969,1.005331,1.006489,1.00757,1.007584,1.007356,1.006775,1.008,1.008563,1.008767,1.007236,1.006108,1.005848,1.006329,1.004656,1.004991,1.00436,1.004097,1.002889,1.003261,1.003783,1.004587,1.005741,1.006863,1.008723,1.007721,1.007291,1.005857,1.006351,1.005198,1.004856,1.004501,1.004205,1.004999,1.005456,1.004449,1.004077,1.003842,1.002643,1.001728,1.001123,1.000126,0.999551,0.998764,0.998459,0.998403,0.998503,0.997611,0.998048,0.996798,0.996389,0.997003,0.997491,0.997553,0.997191,0.997528,0.997068,0.996528,0.995288,0.994976,0.995297,0.995274,0.998135,0.999176,0.999495,0.999886,0.999623,0.999856,0.999493,0.998951,0.998297,0.996707,0.995019,0.993978,0.994757,0.994573,0.995942,0.995299,0.994376,0.994409,0.995048,0.996515,0.997372,0.997987,0.998781,0.999291,0.999261,0.999961,1.000754,1.001862,1.001887,1.003092,1.003958,1.003685,1.00534,1.008105,1.008095,1.006479,1.007049,1.008586,1.010599,1.010318,1.009144,1.009275,1.008257,1.008832,1.009134,1.012731,1.013497,1.013574,1.014642,1.01544,1.014715,1.015911,1.017391,1.016881,1.018162,1.018377,1.018058,1.018447,1.018226,1.017479,1.017288,1.018027,1.018297,1.020371,1.019977,1.022478,1.023198,1.024629,1.027737,1.029522,1.030862,1.033112,1.032647,1.033375,1.033214,1.033237,1.035791,1.034889,1.035967,1.03583,1.034698,1.034801,1.034477,1.035494,1.03724,1.036436,1.036908,1.039146,1.039623,1.038304,1.038313,1.038782,1.038874,1.039577,1.039443,1.040436,1.041475,1.041079,1.04127,1.039879,1.038467,1.035807,1.034741,1.033512,1.032516,1.030877,1.029686,1.028492,1.0283,1.028199,1.029291,1.029105,1.028316,1.028186,1.026939,1.026923,1.025915,1.027008,1.027851,1.028697,1.028921,1.0302,1.030189,1.029237,1.029362,1.028142,1.027322,1.02711,1.02687,1.026104,1.026376,1.027573,1.029252,1.029465,1.027794,1.027405,1.029481,1.02903,1.02889,1.028421,1.030255,1.028755,1.027602,1.029048,1.030746,1.029288,1.026956,1.024944,1.02303,1.023583,1.024442,1.024889,1.023998,1.023447,1.022996,1.020887,1.021697,1.025062,1.025824,1.02571,1.024613,1.02408,1.02345,1.02291,1.021507,1.022796,1.0215,1.022072,1.022322,1.020828,1.020664,1.021104,1.021337,1.020585,1.021783,1.023542,1.022091,1.021312,1.023832,1.023693,1.023855,1.02314,1.021857,1.02124,1.024242,1.023618,1.024363,1.023372,1.021973,1.021349,1.019653,1.019627,1.019751,1.01854,1.017385,1.016721,1.015057,1.014266,1.016359,1.014551,1.01282,1.010854,1.010693,1.013561,1.012968,1.013929,1.013573,1.014664,1.015847,1.015688,1.016907,1.018358,1.019684,1.021493,1.023227,1.023258,1.022897,1.020966,1.021698,1.024619,1.026013,1.025983,1.029135,1.031911,1.032891,1.032065,1.032398,1.03401,1.035418,1.033916,1.030704,1.026145,1.025142,1.02512,1.023266,1.022555,1.021941,1.019993,1.021228,1.02226,1.022448,1.021341,1.019315,1.019268,1.022486,1.023863,1.021399,1.021424,1.022136,1.022523,1.022019,1.022886,1.020509,1.018719,1.016855,1.016969,1.017609,1.018189,1.01913,1.015208,1.018786,1.021365,1.020896,1.021109,1.020336,1.016467,1.017185,1.016488,1.017482,1.017957,1.01703,1.018001,1.015548,1.017966,1.020891,1.021224,1.023469,1.027119,1.027814,1.027766,1.029189,1.027717,1.026922,1.026785,1.028232,1.03044,1.031689,1.032642,1.034556,1.033854,1.0337,1.036764,1.037819,1.038798,1.04196,1.040164,1.041148,1.043329,1.045611,1.049846,1.051839,1.049768,1.049805,1.051325,1.052816,1.050791,1.048635,1.050111,1.049372,1.048849,1.047943,1.047534,1.046324,1.047347,1.048152,1.049399,1.051192,1.05316,1.053689,1.055595,1.055837,1.054842,1.05498,1.05524,1.058953,1.057187,1.057651,1.057833,1.060495,1.060075,1.060889,1.063177,1.065219,1.070378,1.073665,1.07272,1.074409,1.076287,1.077627,1.074297,1.071787,1.07541,1.074878,1.073095,1.071935,1.071629,1.074072,1.078155,1.078231,1.077938,1.078454,1.081556,1.078951,1.078981,1.079694,1.079603,1.083167,1.081825,1.08189,1.083082,1.083667,1.082983,1.082238,1.08522,1.085441,1.085071,1.087439,1.087198,1.087121,1.088594,1.093107,1.092615,1.092715,1.093635,1.096546,1.098872,1.0983,1.09832,1.099338,1.097519,1.103558,1.102121,1.105819,1.103821,1.104849,1.107428,1.109904,1.111543,1.109665,1.111889,1.111505,1.113537,1.113863,1.114082,1.114098,1.117862,1.118045,1.120712,1.120163,1.119666,1.119361,1.121381,1.120328,1.122127,1.125406,1.128371,1.135338,1.140028,1.142126,1.1435,1.143916,1.145061,1.14254,1.144678,1.148837,1.147736,1.148176,1.14896,1.153466,1.156281,1.155145,1.156718,1.154434,1.152589,1.152445,1.155819,1.154556,1.154776,1.151891,1.151011,1.15516,1.151194,1.149585,1.150026,1.149157,1.152214,1.154863,1.155118,1.15616,1.154141,1.153337,1.151282,1.150015,1.147998
