,0,1,2,3,4,5,6,7,8,9,10,11,12,13,14,15,16,17,18,19,20,21,22,23,24,25,26,27,28,29,30,31,32,33,34,35,36,37,38,39,40,41,42,43,44,45,46,47,48,49,50,51,52,53,54,55,56,57,58,59,60,61,62,63,64,65,66,67,68,69,70,71,72,73,74,75,76,77,78,79,80,81,82,83,84,85,86,87,88,89,90,91,92,93,94,95,96,97,98,99,100,101,102,103,104,105,106,107,108,109,110,111,112,113,114,115,116,117,118,119,120,121,122,123,124,125,126,127,128,129,130,131,132,133,134,135,136,137,138,139,140,141,142,143,144,145,146,147,148,149,150,151,152,153,154,155,156,157,158,159,160,161,162,163,164,165,166,167,168,169,170,171,172,173,174,175,176,177,178,179,180,181,182,183,184,185,186,187,188,189,190,191,192,193,194,195,196,197,198,199,200,201,202,203,204,205,206,207,208,209,210,211,212,213,214,215,216,217,218,219,220,221,222,223,224,225,226,227,228,229,230,231,232,233,234,235,236,237,238,239,240,241,242,243,244,245,246,247,248,249,250,251,252,253,254,255,256,257,258,259,260,261,262,263,264,265,266,267,268,269,270,271,272,273,274,275,276,277,278,279,280,281,282,283,284,285,286,287,288,289,290,291,292,293,294,295,296,297,298,299,300,301,302,303,304,305,306,307,308,309,310,311,312,313,314,315,316,317,318,319,320,321,322,323,324,325,326,327,328,329,330,331,332,333,334,335,336,337,338,339,340,341,342,343,344,345,346,347,348,349,350,351,352,353,354,355,356,357,358,359,360,361,362,363,364,365,366,367,368,369,370,371,372,373,374,375,376,377,378,379,380,381,382,383,384,385,386,387,388,389,390,391,392,393,394,395,396,397,398,399,400,401,402,403,404,405,406,407,408,409,410,411,412,413,414,415,416,417,418,419,420,421,422,423,424,425,426,427,428,429,430,431,432,433,434,435,436,437,438,439,440,441,442,443,444,445,446,447,448,449,450,451,452,453,454,455,456,457,458,459,460,461,462,463,464,465,466,467,468,469,470,471,472,473,474,475,476,477,478,479,480,481,482,483,484,485,486,487,488,489,490,491,492,493,494,495,496,497,498,499,500,501,502,503,504,505,506,507,508,509,510,511,512,513,514,515,516,517,518,519,520,521,522,523,524,525,526,527,528,529,530,531,532,533,534,535,536,537,538,539,540,541,542,543,544,545,546,547,548,549,550,551,552,553,554,555,556,557,558,559,560,561,562,563,564,565,566,567,568,569,570,571,572,573,574,575,576,577,578,579,580,581,582,583,584,585,586,587,588,589,590,591,592,593,594,595,596,597,598,599,600
Time,0.0,1.0,2.0,3.0,4.0,5.0,6.0,7.0,8.0,9.0,10.0,11.0,12.0,13.0,14.0,15.0,16.0,17.0,18.0,19.0,20.0,21.0,22.0,23.0,24.0,25.0,26.0,27.0,28.0,29.0,30.0,31.0,32.0,33.0,34.0,35.0,36.0,37.0,38.0,39.0,40.0,41.0,42.0,43.0,44.0,45.0,46.0,47.0,48.0,49.0,50.0,51.0,52.0,53.0,54.0,55.0,56.0,57.0,58.0,59.0,60.0,61.0,62.0,63.0,64.0,65.0,66.0,67.0,68.0,69.0,70.0,71.0,72.0,73.0,74.0,75.0,76.0,77.0,78.0,79.0,80.0,81.0,82.0,83.0,84.0,85.0,86.0,87.0,88.0,89.0,90.0,91.0,92.0,93.0,94.0,95.0,96.0,97.0,98.0,99.0,100.0,101.0,102.0,103.0,104.0,105.0,106.0,107.0,108.0,109.0,110.0,111.0,112.0,113.0,114.0,115.0,116.0,117.0,118.0,119.0,120.0,121.0,122.0,123.0,124.0,125.0,126.0,127.0,128.0,129.0,130.0,131.0,132.0,133.0,134.0,135.0,136.0,137.0,138.0,139.0,140.0,141.0,142.0,143.0,144.0,145.0,146.0,147.0,148.0,149.0,150.0,151.0,152.0,153.0,154.0,155.0,156.0,157.0,158.0,159.0,160.0,161.0,162.0,163.0,164.0,165.0,166.0,167.0,168.0,169.0,170.0,171.0,172.0,173.0,174.0,175.0,176.0,177.0,178.0,179.0,180.0,181.0,182.0,183.0,184.0,185.0,186.0,187.0,188.0,189.0,190.0,191.0,192.0,193.0,194.0,195.0,196.0,197.0,198.0,199.0,200.0,201.0,202.0,203.0,204.0,205.0,206.0,207.0,208.0,209.0,210.0,211.0,212.0,213.0,214.0,215.0,216.0,217.0,218.0,219.0,220.0,221.0,222.0,223.0,224.0,225.0,226.0,227.0,228.0,229.0,230.0,231.0,232.0,233.0,234.0,235.0,236.0,237.0,238.0,239.0,240.0,241.0,242.0,243.0,244.0,245.0,246.0,247.0,248.0,249.0,250.0,251.0,252.0,253.0,254.0,255.0,256.0,257.0,258.0,259.0,260.0,261.0,262.0,263.0,264.0,265.0,266.0,267.0,268.0,269.0,270.0,271.0,272.0,273.0,274.0,275.0,276.0,277.0,278.0,279.0,280.0,281.0,282.0,283.0,284.0,285.0,286.0,287.0,288.0,289.0,290.0,291.0,292.0,293.0,294.0,295.0,296.0,297.0,298.0,299.0,300.0,301.0,302.0,303.0,304.0,305.0,306.0,307.0,308.0,309.0,310.0,311.0,312.0,313.0,314.0,315.0,316.0,317.0,318.0,319.0,320.0,321.0,322.0,323.0,324.0,325.0,326.0,327.0,328.0,329.0,330.0,331.0,332.0,333.0,334.0,335.0,336.0,337.0,338.0,339.0,340.0,341.0,342.0,343.0,344.0,345.0,346.0,347.0,348.0,349.0,350.0,351.0,352.0,353.0,354.0,355.0,356.0,357.0,358.0,359.0,360.0,361.0,362.0,363.0,364.0,365.0,366.0,367.0,368.0,369.0,370.0,371.0,372.0,373.0,374.0,375.0,376.0,377.0,378.0,379.0,380.0,381.0,382.0,383.0,384.0,385.0,386.0,387.0,388.0,389.0,390.0,391.0,392.0,393.0,394.0,395.0,396.0,397.0,398.0,399.0,400.0,401.0,402.0,403.0,404.0,405.0,406.0,407.0,408.0,409.0,410.0,411.0,412.0,413.0,414.0,415.0,416.0,417.0,418.0,419.0,420.0,421.0,422.0,423.0,424.0,425.0,426.0,427.0,428.0,429.0,430.0,431.0,432.0,433.0,434.0,435.0,436.0,437.0,438.0,439.0,440.0,441.0,442.0,443.0,444.0,445.0,446.0,447.0,448.0,449.0,450.0,451.0,452.0,453.0,454.0,455.0,456.0,457.0,458.0,459.0,460.0,461.0,462.0,463.0,464.0,465.0,466.0,467.0,468.0,469.0,470.0,471.0,472.0,473.0,474.0,475.0,476.0,477.0,478.0,479.0,480.0,481.0,482.0,483.0,484.0,485.0,486.0,487.0,488.0,489.0,490.0,491.0,492.0,493.0,494.0,495.0,496.0,497.0,498.0,499.0,500.0,501.0,502.0,503.0,504.0,505.0,506.0,507.0,508.0,509.0,510.0,511.0,512.0,513.0,514.0,515.0,516.0,517.0,518.0,519.0,520.0,521.0,522.0,523.0,524.0,525.0,526.0,527.0,528.0,529.0,530.0,531.0,532.0,533.0,534.0,535.0,536.0,537.0,538.0,539.0,540.0,541.0,542.0,543.0,544.0,545.0,546.0,547.0,548.0,549.0,550.0,551.0,552.0,553.0,554.0,555.0,556.0,557.0,558.0,559.0,560.0,561.0,562.0,563.0,564.0,565.0,566.0,567.0,568.0,569.0,570.0,571.0,572.0,573.0,574.0,575.0,576.0,577.0,578.0,579.0,580.0,581.0,582.0,583.0,584.0,585.0,586.0,587.0,588.0,589.0,590.0,591.0,592.0,593.0,594.0,595.0,596.0,597.0,598.0,599.0,600.0
eig1,1.03089361826752,0.988361866790743,1.0260533647551593,0.983402304607031,0.9974743380784745,1.0156618979777514,1.0594284435473813,1.0471195007909153,1.1769908795658086,1.1850521697447673,1.1555412469561996,1.205056464435685,1.1521965653762356,1.1503293939594192,1.1243942258669146,1.10352236269682,1.0899356457178095,1.0501583622589168,1.0345379411542388,1.064741997648789,1.081703954028794,1.0122789885651762,0.9537728771783317,0.9094109797135607,0.9310946455170301,0.9543009812142111,0.9422293006527639,0.9766950631876745,0.9250352338859525,0.8866517437581418,0.9813724422940839,0.9318835051906739,0.9150970901891075,0.9229059495697172,0.912407804680123,0.9405923427084593,0.8979156217188933,0.9244933747294418,0.8833763746520212,0.7912016098055985,0.8200594122283513,0.8278467076433865,0.8344152214607681,0.8070956035423503,0.8522117959203125,0.8419556557723202,0.7825812297014773,0.7802963926230466,0.793870722263809,0.814350887968697,0.8253281885673608,0.8545689639265716,0.8881010738046352,0.8430517201771703,0.8574247879201,0.8509249864942836,0.8552379006807559,0.8253070519650646,0.8193689718164207,0.8484178126052528,0.8269122078973838,0.80897749323386,0.8329938694810171,0.8439032034375176,0.8632482265517731,0.9379185139110123,0.9230504670378026,0.9227452107243058,0.8539845216323653,0.8812643991185506,0.8237638035497182,0.805729906614013,0.7700504445586089,0.768159084800138,0.7869446745314478,0.7843571706958316,0.7987344743424977,0.8029980857259187,0.8342200942764552,0.8434683426803556,0.8479501718156043,0.8623011591070971,0.8445048512989911,0.7875472560755071,0.7628886263227067,0.7653163132571354,0.7554558726892292,0.7725307275947315,0.7866146182174961,0.7997968146441196,0.7600911300692805,0.8013096217782398,0.7925537871271848,0.8401337199708007,0.8289216250428654,0.8604566170294451,0.8682536271303201,0.8424670591627623,0.8299866082707673,0.8691580759167934,0.9114672872681038,0.858513993155333,0.866402629585093,0.8232073821410261,0.822027715633038,0.8047319308331407,0.8102010602847718,0.8095618114561361,0.7804248170072253,0.7857412456928081,0.7718942274474825,0.8103142694143474,0.7958890390408125,0.7984012574249908,0.8097777455088467,0.8062804054896787,0.8010125484629651,0.8062951883778461,0.8204658235813199,0.7821668580315505,0.8063673244822872,0.8018214583755061,0.803904264670585,0.815944422962649,0.8169103500377876,0.7964999576259648,0.7671412767557807,0.7887788415175695,0.8194497760161825,0.8261471772496685,0.8122409327033931,0.8065732400488387,0.7889957626454354,0.8067306221534806,0.7957835930641123,0.7808646728313026,0.7692075598297097,0.7910041116436012,0.7830366485745411,0.7687044819617864,0.7781712495934308,0.7773114659160876,0.7629095131043864,0.7627412528828498,0.7407359002007304,0.7849849035141864,0.7964927637082623,0.8284173724872952,0.8072797552668645,0.7856530058429176,0.8004421698735958,0.8125085528520276,0.8238232318508645,0.8191727095055777,0.823305313992311,0.7986528288546997,0.8038614322830969,0.8113516877686634,0.8313344842985179,0.8393941011527118,0.850780344040767,0.8141725050428248,0.8219585113617582,0.8230297789122107,0.8222431683318097,0.827992765005062,0.792806605744235,0.7951346726453896,0.8065115981919998,0.7999017538278722,0.7956841350707227,0.8104425855180222,0.8136477546707662,0.8180092366418711,0.8235239954182064,0.8260889537876468,0.8216645997395021,0.82854292389413,0.8459362060967889,0.8524845895689631,0.8439313848035106,0.858394157754912,0.8712215906251378,0.868376010364861,0.8612958217523758,0.858717097996755,0.8631724782751269,0.8701235588880458,0.8736935220563693,0.8783236396738904,0.8982867957828493,0.910891672603411,0.9188959563887655,0.9182018663089729,0.9154835870422854,0.9071301605089622,0.9109961375435328,0.9017566416641317,0.8918965433252966,0.8775007952112748,0.8602473157780711,0.8672753569673286,0.8636088964419139,0.8724338884896319,0.870276850014878,0.8563302266279025,0.8779611152504817,0.9025094315368066,0.9148215917384575,0.9239316804026764,0.924878029786896,0.9068022639629845,0.9086609415158007,0.898939773970636,0.9033387312233606,0.9118572618336248,0.9261771044357933,0.928989004135899,0.9413781464328453,0.9256856733692187,0.950923723621997,0.9399650768209016,0.9392662669954497,0.9395468061723415,0.9385862715911654,0.944487974131351,0.9528341538689818,0.9350110344008145,0.9512567136456034,0.9372577240451107,0.9510891618923609,0.9598722286025716,0.9527038494648099,0.9740409264325459,0.9507103506199708,0.9572304729644203,0.9473891722801916,0.9709577615848216,0.9343146752243038,0.9377184847497833,0.9227537422513676,0.9369986511834137,0.9480152306071654,0.9267319052521179,0.947344199905889,0.9600015660556992,0.960276978141382,0.9675806100035733,0.9817366528870922,0.9847916375931708,0.9969513294754458,0.982390218950538,0.9995827533000418,0.9933618053635402,0.9917514489801937,1.002084467112614,1.0078487362661788,1.0029223534370695,1.012072536428449,1.0261382928529166,1.0326327574248384,1.030381045352831,1.0329140739891256,1.033908919299863,1.048826787933712,1.0496989988397445,1.036253646057671,1.0396294631133915,1.06452577508199,1.0735675055912424,1.0842071618063198,1.0940885353578884,1.0751439974905348,1.0709304206837258,1.0859114903350187,1.0837164780736448,1.1018354576995877,1.1034090468620026,1.12706871184891,1.118247460821157,1.1153245801205194,1.136086246222542,1.126305760731467,1.1237045179389655,1.1304108647582107,1.1111744145278446,1.1233827508440255,1.1173062876727795,1.1276210783217009,1.1542610595848457,1.1451450074298828,1.1502610136291638,1.155897690862862,1.1659270196122489,1.1627137536052152,1.1518614868973587,1.1505428556235275,1.1526953868751273,1.1762100805936138,1.1578176277228345,1.1570977471311896,1.1563929345899748,1.1462558377022498,1.1299171000390058,1.1411911237590027,1.1500053591586126,1.154681441902595,1.1339870056753036,1.1149418110066798,1.1164270538172159,1.1114791809022069,1.1368566161766884,1.1463895277576575,1.1423697985534886,1.163201785528284,1.1659556313072958,1.1817413564127148,1.1728011524664108,1.178245380628776,1.163908774542957,1.1657937041672857,1.1766713800063053,1.1600292198131035,1.1678094562821868,1.1689648497211942,1.1770156451828684,1.1800442657679742,1.169420409028347,1.1538905010297134,1.1651349019242092,1.1671358957948592,1.1656478514579636,1.1636882695508362,1.1665196168543803,1.1778975845617519,1.1756062478920581,1.1817123100478024,1.1901366128771391,1.1749923426241142,1.1815525616452336,1.1796700562414548,1.1844743125892006,1.1695109562659587,1.1642902522059142,1.1606975046690886,1.1761768779492534,1.1648362284886522,1.1663857736916865,1.1560468162196371,1.1793602079642571,1.1806335462864614,1.1520452181515757,1.162988986158002,1.166876786835211,1.1534514559715199,1.1607912693776163,1.1692353960151827,1.1634891009340391,1.163012840788054,1.168179408452931,1.1681332954285972,1.1664529139583817,1.1620228031252562,1.1743075479955878,1.1787674690121175,1.1763500845379522,1.1787886578544264,1.1736122835717115,1.1940294749735285,1.1799762468761343,1.1695542695340602,1.1666256210497115,1.1693979405807753,1.1624983939082638,1.172134394405599,1.1659338671664936,1.1758843483756067,1.1588785003588475,1.1535061273311285,1.1613003616430417,1.1630463642826103,1.1502543383778379,1.1632680057936524,1.1621612191009822,1.1646659679066265,1.1655933745408749,1.165312985659223,1.1482482734898136,1.1667968223375542,1.1665485014473769,1.1551159751859863,1.1739189487428625,1.172029357781195,1.1642560543474527,1.1574662579641963,1.1649944265346701,1.1539881537765817,1.1447596125371249,1.1555883019507793,1.1396555001932829,1.1516098471899896,1.1460823211905218,1.1757705072473175,1.1786158774260316,1.1857171403011761,1.1702478576060948,1.1763501062419894,1.1800530532883413,1.179747678166488,1.1817869103351697,1.17725774817721,1.1696855347570954,1.183629648542302,1.1887128235831719,1.1855047817223447,1.193594966117876,1.1892799141583363,1.1810496916273296,1.1944634074573166,1.1886952059076714,1.1840604202833724,1.1951205294399576,1.194674473976533,1.1977049914238633,1.192934261360553,1.2001138183494635,1.2014370819344005,1.210903150292727,1.192057106004587,1.2009432572171226,1.2054874861567515,1.2137812615778376,1.1829908775011624,1.2031714008281076,1.1938780119750743,1.1823936349273507,1.2097901090688268,1.2023073994087474,1.2074889342559214,1.1972223133818207,1.1989319065346045,1.1907810593232309,1.1876586275235228,1.2036213848242063,1.2042277439877747,1.1960440350584196,1.194706126273953,1.1876557070237599,1.1783774849466513,1.1724940034801234,1.1801516784055444,1.1711230109680948,1.189084534705787,1.1974705268984427,1.1972748292694733,1.1959993077893802,1.1989706063300403,1.1899637468072186,1.1890845115799542,1.1940766841638357,1.1908703651292485,1.1996788955812694,1.210550248020012,1.2104527973305501,1.2131225759478408,1.2085755646947036,1.211824883086136,1.2084044467047657,1.2130776737626823,1.2003807889478917,1.2093756118534906,1.1943961253071842,1.1968012399177756,1.1953552083912864,1.1962939956930327,1.2063511232250734,1.1916812351058845,1.1844594654346297,1.1835585351669362,1.190011027166226,1.1860702756894086,1.189758813174559,1.1906125196833277,1.2003615163469974,1.2058218724156744,1.2060194094649914,1.2086062508361435,1.2135993698014653,1.2235678585030485,1.2282286691584683,1.2252186943611454,1.2154797635037222,1.2152712582264982,1.2213232766013002,1.2185705702807526,1.2234750149038547,1.223824042980684,1.218893184905594,1.2127247483848078,1.204093407754559,1.1930804935448773,1.204651305939756,1.1956279841459716,1.1888312805183276,1.1929027230887763,1.1979011187134279,1.1951390007111982,1.2084920855136538,1.2015825935003277,1.2107411337325573,1.2247181674290057,1.2227837084838131,1.2243373382399207,1.2252840551411597,1.2122011935926067,1.1989585602124704,1.1949799637527294,1.2034677126171271,1.205804543805121,1.2117548235305848,1.2239880501777143,1.2254269187831865,1.2266870231960738,1.2174923692695834,1.2196259851118167,1.2331292101842997,1.2365456310963914,1.2395031911607315,1.2533866037820331,1.2501668182379166,1.2522962199102512,1.2573754282134715,1.2550574544463604,1.2433865600784968,1.250046815963188,1.2458916768230237,1.252501665672701,1.2454649963215858,1.2448012457217494,1.252088300187709,1.2513734496033058,1.257015827191006,1.2508495063886114,1.2504353118340767,1.2490964240497842,1.2592923670247331,1.2604520419184957,1.2651370332143859,1.2568584533807117,1.262474781343144,1.2714107590410526,1.2644074986289633,1.2549312726283948,1.2585159437208782,1.254442486755082,1.248790657308991,1.2572649487934888,1.2657330658652246,1.2579072640354811,1.2676472850846845,1.261061563439692,1.269672204332921,1.2749387223844253,1.2731360925004425,1.2653494445703404,1.2666286974596217,1.261523297586887,1.2645583953050323,1.289232136064705,1.2891485704795094,1.2778391388790955,1.281077269438059,1.2805228562288247,1.2808418851702645,1.2819537446719704,1.2791161316903448,1.2868089135864302,1.2815143751544746,1.2852984366957478,1.2752100820181764,1.289076854002833,1.2990430783109514,1.2928224319232136,1.292678105528392,1.2901979446570822,1.296449769636809,1.2930039740662462,1.294962925794243,1.2987332246137469,1.300113678752572,1.3058027742244358,1.3009343636636252,1.3024361035370926,1.3079602426725996,1.3046745146023744,1.30897855642588,1.3085143106649562,1.3133391971173152,1.3219372463760652,1.325817332496337,1.322998392485271
eig2,0.8556048974669948,0.8927982310127327,0.8758065306807976,0.864183672348024,0.8453487040356683,0.8523951366424923,0.8090709778168614,0.8014035099475196,0.833895412595076,0.8252622732851521,0.8528860973624057,0.8598713050900555,0.7854618697647903,0.8540069536357263,0.8865087886681832,0.9063823581708077,0.8212195743061249,0.819280583184664,0.9361064572312955,0.8583917829462928,0.8439240749861873,0.79399158518944,0.8762710304739671,0.8556159563350061,0.8389863452519212,0.864200037601744,0.8571688235369269,0.8508080567430484,0.9006746244499811,0.8768151905956847,0.7960662682574886,0.8039535169853163,0.8207561656924677,0.8306348108393221,0.8410300347930462,0.776155693977482,0.7958738801157957,0.7992468837342925,0.8060255620877381,0.7678846496308687,0.7240664694325728,0.7271906537963454,0.7666261323598332,0.7465076502260038,0.7209460881566883,0.7266567625626653,0.7321953019051821,0.7383846941016843,0.7525032954893394,0.7589788741783041,0.7507527595568728,0.729289135730284,0.7443121891363603,0.7658999079208263,0.7596644337576458,0.7633745277455581,0.7547951891786853,0.8182597139332218,0.7711405097649278,0.7695105619681727,0.7715288133683748,0.776037044706836,0.7815136260951816,0.7999597284822353,0.7583604581733718,0.7282800317629325,0.7020521555601077,0.6933672541100945,0.7153824807175649,0.7103057324815072,0.7475315761557256,0.7780931033285888,0.7544424972740469,0.7363338706984692,0.7585571807624126,0.7513492854458625,0.7351299473167425,0.7461130880666678,0.7229779120140122,0.7747528647394356,0.7915717850101803,0.7400676916289586,0.7560290384933164,0.7382573182134218,0.6998397560761692,0.6830201291847838,0.7244662905400656,0.7630508712631686,0.7372897771981018,0.7675196070226532,0.7518292441964348,0.7409271898809617,0.7155961446743692,0.693950085600128,0.703985506054254,0.7483244505441891,0.7419886906302723,0.7707650088465496,0.746784026857245,0.7682492411500694,0.7508845538068296,0.7667167028841352,0.769962472128193,0.74258447436185,0.7279644346658884,0.7028766400680699,0.738193747046905,0.7542016893674359,0.7566954884567977,0.7654784633281195,0.7479121129471037,0.7458503477784804,0.7589193435326429,0.7688069820528523,0.7581242755483213,0.7871098644835406,0.7699002535610608,0.7822639604043733,0.765910427192155,0.7725340260032242,0.76168763991097,0.7548464260625688,0.7765354367240607,0.771253856803105,0.7673522819240768,0.7409546097035015,0.7436593801861188,0.758190816382783,0.7214127982572102,0.7634722610071453,0.7624176905879899,0.7636491621302384,0.7423080694186702,0.7183936337093018,0.7153931934964877,0.7282805365021815,0.7249398177097219,0.7109897791770927,0.7192722699726942,0.716569150517258,0.6914107985366148,0.6983631937272974,0.7308012258286023,0.7343293907883424,0.7256309043148147,0.7191976586439859,0.7269355568858507,0.7422620941950259,0.741004019401517,0.7587251099229055,0.7699055659508627,0.7441961978279119,0.7462055274989143,0.7454620886748131,0.7231471301473167,0.7527203575648349,0.738197721628965,0.7325531170636526,0.7520064307203573,0.7530683591911226,0.7241038218959817,0.72911106700126,0.7208326794733045,0.7154319690301729,0.713787275645119,0.7179847321303079,0.7280942599025202,0.7187123799323303,0.7395414757835377,0.7547662711255344,0.7577915045628989,0.7510731367936276,0.738681291657958,0.7566530718609743,0.7382991291793162,0.7564169161008258,0.7786649464702737,0.7834798418682128,0.7865645752333398,0.7767558307899537,0.7734379834779866,0.7430112420789755,0.7279166865421447,0.7358922281913828,0.7298554113239084,0.7245682293272293,0.7195772908475724,0.7402801225602214,0.720136875136186,0.7493561925664799,0.7445572952307433,0.7337892774214823,0.7070977449131334,0.7205917455288023,0.7190040871230359,0.7128262057677609,0.7151467136402899,0.7267514569736012,0.7434769935170913,0.756455852065325,0.7678377125276461,0.7731449027697497,0.7891788993940039,0.7659992917281392,0.7882549433537044,0.765491347797984,0.7546176989782195,0.7426142226407678,0.7190721284559708,0.7194805521570475,0.7410353666692464,0.7583409210564456,0.7603301482577903,0.7782594567131194,0.7769230184773719,0.7807116113291162,0.7777356134194898,0.7655192155504065,0.742559872946336,0.7646903920963994,0.7770038527268127,0.7789916676297847,0.7699549806245328,0.773795302817108,0.7862627566442427,0.7895863003396814,0.7925856567969604,0.8427242950547912,0.8292719665587157,0.8332758676069548,0.8621392686839162,0.8342332338114136,0.8481232017413441,0.8377679371265232,0.8400704771761506,0.8461588043766346,0.8695603796248798,0.872197051621434,0.8850861172727891,0.9138826497130934,0.9024906796073302,0.9078639963010653,0.9049169077203179,0.885454846456644,0.8766823571598584,0.8797903482786084,0.8982630197656222,0.9096459599169071,0.8948109953090319,0.8780264815496183,0.8834689714458058,0.8981580179725537,0.8834355273399546,0.8639425119388557,0.8896352992923273,0.913521545697874,0.9185424722248675,0.9163812858812782,0.9081173497861731,0.9033348924150116,0.9105066627066398,0.9168259438580392,0.9281261352963889,0.9279868644040817,0.898627775198455,0.9119848592815324,0.9142594363179761,0.9290721777757878,0.935627406736892,0.9291837899473829,0.9290344198433507,0.9268970928606285,0.938199790696752,0.9500220483396933,0.9595561609078157,0.9710177499112236,0.9558015317819453,0.9466244287489775,0.9458864352304301,0.9408104403827859,0.9373683375212578,0.9257459899583346,0.9319921429921654,0.9536358225329647,0.9395000410615282,0.9490296076853421,0.9495529625528643,0.9620181857883086,0.9520020744968039,0.9422703631302601,0.9412733479620742,0.939713347529048,0.9409841927342243,0.9463921384020927,0.9570199437006732,0.9609705673978866,0.9704196846488872,0.9851317204674602,0.9691464769124905,0.9768702113096968,0.9676040898169355,0.969888986324361,0.956942108257946,0.9647171063684155,0.965841069480531,0.9627214789834505,0.9524313225650687,0.954823573216003,0.9584826958658158,0.9649913689733605,0.964892780287939,0.9542002439064885,0.9661592552546415,0.9786702076044309,0.9675198714245672,0.9757169151107824,0.9932971856255375,0.9864681814035938,0.9918688857968591,0.9964100118800172,0.9902416933100204,0.9885055789479935,0.9894171286917275,1.019220170390981,1.0029785377678055,0.989329803287193,1.0071161914595588,0.9894829433919236,0.9916890716275657,1.0016858981285404,0.9942283257572907,1.0073464193987243,1.0110875206030006,1.0232163977730784,1.0422324804443936,1.0401037011684613,1.0286596673165656,1.0300107039424702,1.0303209698882965,1.0271661560893255,1.0312854425210565,1.0260200885103221,1.0255063133456095,1.025711790165353,1.036618238962411,1.023124210571289,1.0318366183465952,1.0455233292623773,1.0402818482704912,1.0264761243536065,1.027929752851998,1.0363734872796033,1.0305219511798225,1.0336439445639036,1.0240919089632015,1.01801082959299,1.0074535302875791,1.0399097829622104,1.0494370720793442,1.0523097607058773,1.0525385160848275,1.055705313242093,1.0672197309720144,1.0606052942950905,1.047587077235635,1.0357003421232431,1.0411870283961493,1.041973994789507,1.0409307744214529,1.054416941934746,1.0607722005416083,1.0657786980968995,1.063172637991667,1.0656499494548697,1.0764290228283677,1.0886636401898968,1.0783354958600948,1.0815637063087267,1.086997933810598,1.0764258457416902,1.081212579300788,1.0779757310386717,1.0782388442823152,1.082556357102591,1.0778831452627744,1.0785890707975536,1.0889105171843831,1.0920915142877936,1.0853565418929316,1.0887980214083286,1.086470547771313,1.0675082365503468,1.0726039279320156,1.0705877970281572,1.0691738965297948,1.0971938303178193,1.1107745860053626,1.1037629985226254,1.0919755752850226,1.0897911992620555,1.0852820128419003,1.105530297701412,1.1024328658694582,1.089063664858187,1.0927345146619254,1.102908117639432,1.0910211795695846,1.0863048068664911,1.096126639409678,1.0930299037267615,1.0851887763037757,1.0793508680227908,1.0773888460127563,1.0611154852424733,1.0632421820902742,1.0707082898865448,1.0897325194099208,1.0858971700281561,1.0855484808243916,1.0724678040289994,1.060111421558306,1.0827129428146853,1.0771840237992591,1.067834080987651,1.0629600357123647,1.0461685651972745,1.0418562470818467,1.045126900203414,1.039075483701088,1.040426819208722,1.0504286055729277,1.049215722059606,1.0668695938328414,1.0575436206154158,1.0660466848214738,1.0913628822537476,1.0686506022054523,1.0728291441069628,1.0548510238853317,1.0664073156966578,1.072698852844132,1.070877864003244,1.0694758206289263,1.0618424204949872,1.086811293511855,1.086365622462244,1.0887585324070421,1.105637392050244,1.0950359221691648,1.0992964509696193,1.099971326573091,1.0970479540431903,1.097973654949319,1.0924039405138444,1.0995544304071665,1.0935422258821668,1.0786108081813914,1.073488639029318,1.067462064999288,1.078220358111969,1.07927471094228,1.077325668398941,1.0824520590616622,1.0924897401384033,1.0978799245689386,1.1019859528461913,1.09427006786212,1.0950608893306055,1.0943103623438069,1.101478681217256,1.0947267320118192,1.1097279927210204,1.0970991254070905,1.1278561654591008,1.121011596831102,1.1250599607946141,1.1277224853119434,1.1286631194317738,1.1229180218779036,1.1103523687440076,1.1026379534746826,1.1150123575662247,1.1157700761977047,1.1225491134596421,1.1209196845657372,1.1200357532594163,1.1188000235304076,1.1230566261937966,1.1228824297445408,1.1188850335431226,1.1287547476412103,1.139905356098157,1.1464681022607517,1.1583606460774485,1.1660680684002176,1.159412514131797,1.159951874298105,1.1672439089116944,1.1493802324729057,1.1631636703664499,1.1684321719938844,1.1592681425363058,1.170160588977222,1.1646347107760635,1.161549360796054,1.1702911597825505,1.162949256937179,1.1584691507629548,1.1575248366900721,1.1566145935550156,1.1679561441825936,1.1688304491403119,1.1613443237811185,1.157821064147445,1.1646198261793879,1.1777375455221815,1.1712328401932208,1.1740127376933536,1.177788179500383,1.1740759056285575,1.178562982894048,1.1875046226974657,1.190882805879293,1.1815253060957374,1.1796228288218877,1.191405030857944,1.1961455913536536,1.2009519278171343,1.1983154366216617,1.1884080903309024,1.184954756847729,1.1910660847871517,1.1940029039934446,1.198564547392861,1.2015263595567505,1.2075203797705376,1.1976727799444966,1.1993819598398445,1.1929536569874015,1.2010109704526446,1.1940406021944627,1.2122642256132843,1.2118380323720108,1.2274323081807228,1.2282514858728857,1.234635839487697,1.2414900392232764,1.2431512293648244,1.2531506511343393,1.244786406723214,1.2312046940630246,1.2351202050035421,1.2255334418528645,1.227215056765538,1.2285779394548648,1.2258591802256242,1.2161040264111134,1.2164062858010782,1.220211147987094,1.2167976930775244,1.219570143800961,1.2129618038773455,1.2114019229913477,1.218561836197787,1.2318639642186193,1.2367069354359006,1.2436062713729956,1.2357180338856717,1.2340276049280086,1.2434648422989658,1.2498800205672187,1.249418760285549,1.2399190765909052,1.2457684169651833,1.2531892542396486,1.2582006914929613,1.2471049866949435,1.2577216436533638,1.2518062672402093,1.2536309096490856,1.2607049503957415,1.2626249917667614,1.2628958294662058,1.2754211212831568,1.2741181650188507,1.2735479826416507,1.2743215817215217,1.2730612269141515,1.2729373717015369,1.2784101291102579,1.2724951851832262,1.270230156393879,1.2774491661181504,1.2839595244195015,1.2819638141569167,1.2771078483642464,1.2904168198619597,1.2910225895613496,1.2878436568602465,1.2727645516458244,1.2787127735847441
eig3,0.7406614603137632,0.7580860501285339,0.7028333878271642,0.6520148826951757,0.6141929791899572,0.5641966314473986,0.5775305713863058,0.5480882649125539,0.5980424378857703,0.6580832198977664,0.6367155304816171,0.6262766661454231,0.5907055301226352,0.5744533000709163,0.5993439114755307,0.6006585224598776,0.6343505816982834,0.7225667756019253,0.6992403213430288,0.6607137070546933,0.7264115021264567,0.7285318304274869,0.7180767654599192,0.7184857276425731,0.7393084760230029,0.7739061617044565,0.7672135249142253,0.7832963775121704,0.7443960969512733,0.797386785603056,0.7805569401100179,0.774510944492543,0.7822955316859191,0.7868376619518407,0.7547676673042246,0.7356007583205432,0.747362784258822,0.6868559163874955,0.6579089393989735,0.6701588245362895,0.6426235685543725,0.5933670860581703,0.6131395102657454,0.6620023465908018,0.6312677001997659,0.6256141486017698,0.6384863574829448,0.6397931230879627,0.6455013880606542,0.6535542859365746,0.6417445549287474,0.6098259434944496,0.6387633702602423,0.6239330786078493,0.6006838680994909,0.6155966445540396,0.5955738268782074,0.5998954949258545,0.5762874026905268,0.6168389120527005,0.6587897891039328,0.6842558439638352,0.7404625799333935,0.7170082702479917,0.727447778759614,0.6977190193670756,0.6746389951085197,0.6430247270470817,0.6538231265029928,0.6347832644257319,0.6374521196554418,0.6562893685799581,0.6939158265781585,0.7226139834317005,0.6858519142954834,0.6929418631101387,0.7143356280357769,0.6847497504026999,0.6666938108271894,0.6660039264311776,0.6450734934008884,0.670779244922916,0.6718032028843295,0.6929083383946929,0.6433586433091913,0.6222497264782553,0.6027563180635567,0.5952597789855706,0.6015017231765969,0.637815744942426,0.643788817752454,0.6088830186144613,0.6579601486301544,0.665393969151849,0.6727565958067688,0.6830780790881833,0.7070904933614973,0.672910821177568,0.6909717455380807,0.677901619732266,0.6712842049242845,0.6336755587322297,0.6519348666820286,0.6548009494862538,0.6833696457103848,0.6884245334065753,0.6919505041421506,0.6917816003167779,0.6934456973806085,0.7197675801183596,0.7094714882376745,0.7046623478103,0.7252079001375203,0.7236822418683625,0.7256108751244568,0.7495096894914357,0.7307976589331288,0.7376160478500752,0.7322231126174861,0.7225400134663427,0.710576801615947,0.7179905087375202,0.7292736239298014,0.7078012264950816,0.6934662804209379,0.682350563099033,0.7176895068812313,0.7189352536889322,0.7078943484521465,0.7205269671690055,0.7287981967331281,0.7184141336296346,0.7360247375277074,0.7020967311147902,0.6840972136301974,0.6826228604689735,0.6819845385525914,0.6907192356893486,0.6894970297117144,0.6684046110045064,0.6885203134083517,0.6863823652358705,0.7038908120416622,0.6973393276297155,0.6586984113533133,0.6718795500551191,0.6629593025482242,0.6665176028975186,0.6851474368394466,0.6876212898947235,0.7022767117446334,0.6742373599933186,0.6707103761281191,0.6556625569920923,0.6508962650266396,0.6259375119378232,0.6380996938798907,0.6322673186957226,0.6064708477751856,0.6196490875696588,0.6274736578038248,0.6452954949154696,0.6519735907664655,0.6443879061146501,0.6257287722852664,0.6328252958480138,0.635959161208078,0.656465448205589,0.653708580953357,0.6331377349611466,0.6177499010759999,0.6061833969653504,0.6242192980500407,0.6303848890863087,0.6423747575770163,0.6202100458737934,0.6276402524536934,0.6094321103164497,0.5910108444866221,0.6025581977547559,0.6324655037837495,0.6342357895389895,0.6215548933821513,0.6191749773951918,0.6253106904788001,0.5970354967493698,0.5801199139212188,0.5777196347030283,0.5943835210547695,0.5713476570637074,0.5653277012516776,0.5591363154874146,0.5804438040865963,0.5821889875851547,0.5910990366652291,0.6097533864045361,0.6126853296607794,0.6117887344527011,0.623280922942874,0.6373125610533943,0.6531982430512414,0.6498204212919577,0.6445354568449946,0.6726834891492003,0.6701794784770374,0.6940490089644005,0.6962365958722022,0.6774792834022957,0.6963078407170612,0.6952269469380874,0.708693072395434,0.7101000004469828,0.7275756464165216,0.7186323615919064,0.7332934491503987,0.7271985371009709,0.7033398990633808,0.7178817085624548,0.7196046939516108,0.7297743957532915,0.7220340891459912,0.7389495485943602,0.7672333373774046,0.764847702093206,0.7783082014627648,0.7838911517977728,0.7690166688068637,0.7852917176441138,0.799103710614807,0.7953537808816064,0.7959448913316648,0.8097885455758065,0.7913911053047946,0.7891568438891213,0.7912437327867875,0.7768481552055108,0.7968569662871773,0.7939271142238076,0.8316407256833315,0.8144437940679935,0.8089764728923865,0.8273412843810913,0.8170553362154106,0.8520076679286734,0.8590996054908716,0.8536527326479936,0.8355847841539185,0.8500054797885712,0.8455145324034953,0.8309233909831726,0.8239556861952598,0.8177286708960011,0.8037779000275465,0.8473575758212492,0.8601915088591034,0.8313080021113349,0.8317813401209331,0.8524337236259164,0.8449257260549157,0.8567476917124256,0.84936525237658,0.8594826385843055,0.859872644393171,0.8412116236760635,0.8433286589166459,0.8573748959829663,0.8773078557309123,0.8710414144671837,0.8605896361669426,0.8632595923359035,0.8648567180449193,0.8819313569446512,0.909741513037031,0.8938059406971962,0.8669094321474041,0.8880561712389069,0.9076141818016952,0.9040257924110665,0.8881191575556052,0.9027742817307098,0.9072541932393354,0.9049709122668991,0.9160251916961288,0.9157170727911006,0.9145090985836857,0.9319557224746792,0.9399120598114581,0.9222925123348853,0.915459462388366,0.9160522316806589,0.9182628212970461,0.9284898845738291,0.9248839658527411,0.9325614795913189,0.9122198511112144,0.8975396795145119,0.8853089314532294,0.907203335159559,0.893005047273551,0.904560249504884,0.9053077424425415,0.9202246412501371,0.921781125791731,0.9201199605211815,0.9183723592050338,0.9382593335276767,0.9217188986675932,0.9215499177590762,0.9270985527554145,0.9342096939038548,0.9421783011462874,0.9237830185683771,0.914117807637606,0.9161038396621539,0.9041645732568253,0.8978868004729643,0.8964433165292501,0.9035094682284927,0.9052031143469438,0.8847731768022041,0.886464116669245,0.8787214016420586,0.8980201108046202,0.8976555517190249,0.9013850376094247,0.9135068274788697,0.9213342031926814,0.9288832710756638,0.9197609385863839,0.9231683280481886,0.9209071358257219,0.9131455550439058,0.9154128677180876,0.9224160007815524,0.9050007200664987,0.9022022332801771,0.9026898873469855,0.8892332559274814,0.902551362097523,0.9123846998722528,0.9133042572612131,0.915708747549061,0.9235636958796247,0.9071616820162423,0.8862902558739226,0.8877961031441012,0.9016982156260055,0.892255323887305,0.8917603197317853,0.8920543477515295,0.8846860284850403,0.8927183882981717,0.8842017936151725,0.8906260536994636,0.8991438332574151,0.9054327202667736,0.8994621457469708,0.901589659080147,0.9019062361331734,0.8963695263121156,0.8804105472760294,0.8774149626506716,0.8905200554180587,0.8805727406743874,0.8871846589446715,0.8762879040822137,0.8749073616227159,0.8970868417622017,0.8968059155926147,0.900642611607512,0.8806378768713177,0.8868289030336164,0.8923279958072737,0.8815618532238683,0.8683167620443341,0.8589730543294783,0.8467398970364621,0.8581610398614538,0.8636556745448036,0.8656599843899467,0.8668289723293112,0.8845743631827736,0.8704445309672402,0.8671667743345042,0.8760438529653316,0.8678729703391646,0.8657805406375118,0.8804036752946739,0.881477921898175,0.8882556723038221,0.8723192313602346,0.8693082614237949,0.879665227682875,0.8764618906789269,0.8619760823510845,0.8477099622348628,0.8334605348440054,0.8380781832667138,0.8476637153262981,0.8678572933559145,0.866186730940004,0.8613356640212922,0.8359373680098089,0.8359198346733371,0.8315801416869881,0.8383529684970218,0.8513386261494359,0.8604852652752419,0.8477253522820581,0.8467964690052981,0.8581117701527463,0.8562326264367696,0.8520372289199477,0.8668046605746087,0.854304214813357,0.8455007318972756,0.8364048144969102,0.838099383840997,0.8345716992210446,0.8451546139565759,0.8527386858581323,0.8420817795715698,0.8534159356776927,0.8600684756828377,0.8527213961131502,0.8610636370379214,0.8636981179499171,0.8685921381969637,0.8682852665165545,0.8607073114570252,0.8629021259482862,0.8489846986587577,0.8383717135206818,0.8354319232217348,0.8461241657879311,0.839664230562806,0.849594811563106,0.846464743656981,0.8441663423281879,0.85698602142683,0.8602889508913655,0.8597779011230497,0.8599528136885706,0.8547338015092264,0.8532511432643397,0.853612341655862,0.8547747748476872,0.857857820083491,0.8423789614649079,0.8511532111218981,0.8357236544117728,0.818372909377783,0.8265615466595271,0.81821098792825,0.8121153399123203,0.8174224025599153,0.8174283968947875,0.8357658008530667,0.8304063654882675,0.8329355900295258,0.8398676156069301,0.8263770637886666,0.8205759307671859,0.8122484004000198,0.8192642055066529,0.8118950467828617,0.8101224758771509,0.818894601326233,0.8128706011747618,0.8152764687685039,0.8200691533962131,0.8192801965801965,0.802995732497955,0.7923293222668922,0.7978286421522031,0.7817465651193624,0.7702214460737005,0.7809567355941949,0.7917445260999261,0.7929224623077351,0.8096072883340492,0.8009104640294893,0.8073621696000363,0.7922241732343689,0.783223271094267,0.7781109579368588,0.7896724961941792,0.7855895423668308,0.789738071645326,0.7741843466308566,0.7833515418485478,0.7792904427245841,0.7824508912157945,0.7729686140752228,0.7565882097730222,0.751824437491326,0.7578190946707801,0.7461661940660766,0.7667217448926553,0.763385703531239,0.7583245488721847,0.7589231969682521,0.7636040572949206,0.7682245809729026,0.7677809608839463,0.7643667255935842,0.7600139351263752,0.7691979784794637,0.7780888629017867,0.7685343382968816,0.7505012035901237,0.7580186327421498,0.7565776046236882,0.7560916448457962,0.749213178170478,0.7576722589711591,0.7476206925430219,0.7477990578639021,0.7463249372415145,0.7638392774111239,0.7444919465412743,0.7402867044166911,0.736331046883697,0.7401762605969732,0.7554224474181196,0.7319148281662461,0.7209568552495023,0.7162601176943199,0.7040784920863635,0.7163036731948699,0.7002738731890767,0.7060573532041817,0.6916802104232689,0.6908099416573922,0.6897329442180166,0.6990825470338953,0.6878239137610682,0.6839607163581527,0.6831002665015007,0.6743048793672013,0.6921693586519928,0.673216473675378,0.6714495632861458,0.6475749401629656,0.6662972384328649,0.6601939478875952,0.6415011226657567,0.635095991947148,0.6414719682803464,0.6329425685052358,0.6505879169972556,0.6590041681276312,0.669682101916454,0.6509087662333353,0.6602061890707462,0.666771613920452,0.6750687789319951,0.6668068580786616,0.6627267874411098,0.6674198739347873,0.664620307949217,0.660199208636141,0.662963947111599,0.6560748682404371,0.6508090808188566,0.6433113489002324,0.6468498348813412,0.6390296522198907,0.6417508443358838,0.6337546137617316,0.637763377864568,0.6189165451144565,0.6209213566768049,0.6057315097675935,0.6089310170366095,0.6048054341957873,0.5946075281228376,0.5781597434481462,0.572809079879669,0.5701134003272119,0.5496059821201827,0.5482104951164186,0.5531582721505418,0.5406508418249919,0.5394759236993175,0.5457322438290806,0.5498002604513428,0.5404839367299487,0.5293024325195304,0.5216351217439128,0.5225872750776567,0.5407304288892507,0.5342606357845977,0.5218940845384128,0.5145409138841107,0.5132658187504425,0.5074502084796245,0.4972278019291404,0.47329461820016594,0.4918156563434458,0.5063567534760806
